Device found. I2C connections are good.
1508	2
1508	5
1508	7
1508	9
1508	11
1508	14
1508	16
1508	18
1508	20
1508	23
1508	25
1507	27
1507	30
1507	32
1508	34
1508	36
1507	39
1507	41
1507	44
1507	47
1507	49
1507	51
1508	53
1508	56
1508	58
1507	60
1508	63
1508	65
1508	67
1508	70
1508	72
1508	74
1507	76
1507	79
1507	81
1507	83
1507	87
1507	89
1507	91
1507	93
1507	96
1507	98
1507	100
1507	103
1507	105
1507	107
1507	110
1506	112
1506	114
1506	117
1507	119
1507	121
1506	124
1506	126
1506	129
1506	132
1506	134
1506	136
1506	139
1506	141
1505	144
1505	146
1505	148
1505	151
1505	153
1505	155
1505	158
1505	160
1505	162
1505	165
1505	167
1506	169
1505	173
1505	175
1505	177
1505	180
1505	182
1505	184
1506	187
1506	189
1505	191
1505	194
1505	196
1505	198
1506	201
1506	203
1506	205
1506	208
1506	210
1506	212
1506	216
1506	218
1506	221
1506	223
1506	225
1506	228
1506	230
1506	232
1506	235
1506	237
1506	239
1506	242
1506	244
1506	246
1506	249
1506	251
1507	253
1507	257
1506	259
1506	261
1506	264
1506	266
1507	268
1507	271
1507	273
1506	275
1506	278
1506	280
1506	282
1507	285
1507	287
1507	290
1507	292
1506	294
1506	297
1507	300
1507	302
1507	305
1507	307
1507	309
1507	312
1507	314
1507	316
1507	319
1507	321
1507	323
1507	326
1507	328
1507	330
1507	333
1507	335
1507	337
1507	340
1507	343
1507	345
1507	348
1507	350
1507	352
1507	355
1507	357
1507	360
1507	362
1506	364
1507	367
1507	369
1507	371
1507	374
1507	376
1506	378
1507	381
1507	384
1507	386
1507	389
1507	391
1507	393
1507	396
1507	398
1507	400
1507	403
1507	405
1507	407
1506	410
1506	412
1506	414
1506	417
1506	419
1506	421
1506	424
1505	427
1505	430
1506	432
1506	434
1506	437
1506	439
1506	441
1505	444
1505	446
1505	448
1506	451
1506	453
1506	455
1506	458
1505	460
1505	462
1506	465
1506	467
1506	470
1506	473
1506	475
1506	477
1506	480
1506	482
1506	484
1506	487
1506	489
1506	491
1506	494
1506	496
1506	498
1507	501
1507	503
1507	506
1507	508
1507	510
1507	514
1508	516
1508	518
1509	521
1509	523
1509	525
1509	528
1509	530
1510	532
1510	535
1510	537
1510	539
1509	542
1509	544
1509	546
1509	549
1509	551
1509	553
1509	557
1509	559
1508	561
1508	564
1508	566
1508	568
1508	571
1508	573
1508	576
1508	578
1508	580
1508	583
1508	585
1508	587
1508	590
1508	592
1508	594
1507	598
1508	600
1508	602
1508	605
1508	607
1507	609
1507	612
1507	614
1507	616
1507	619
1507	621
1507	623
1507	626
1507	628
1507	630
1507	633
1507	635
1508	637
1507	641
1507	643
1507	646
1507	648
1507	650
1507	653
1507	655
1507	657
1507	660
1507	662
1507	664
1507	667
1507	669
1507	671
1507	674
1507	676
1507	678
1507	681
1507	684
1508	686
1508	689
1508	691
1507	693
1507	696
1507	698
1507	700
1508	703
1508	705
1508	707
1507	710
1507	712
1507	714
1507	717
1508	719
1508	722
1507	724
1507	727
1507	730
1507	732
1507	734
1507	737
1507	739
1507	741
1507	744
1507	746
1507	748
1507	751
1507	753
1507	755
1507	758
1507	760
1507	762
1507	765
1507	768
1507	770
1507	773
1507	775
1507	777
1507	780
1507	782
1507	785
1508	787
1507	789
1507	792
1507	794
1507	796
1507	799
1507	801
1507	803
1507	806
1507	808
1507	811
1507	814
1507	816
1507	818
1508	821
1508	823
1508	825
1508	828
1507	830
1507	832
1508	835
1508	837
1508	839
1508	842
1508	844
1508	846
1508	849
1508	851
1508	854
1508	857
1508	859
1508	862
1508	864
1508	866
1508	869
1508	871
1508	873
1508	876
1508	878
1508	880
1508	883
1508	885
1508	887
1508	890
1508	892
1508	894
1508	898
1508	900
1508	902
1508	905
1508	907
1508	909
1508	912
1508	914
1508	916
1508	919
1508	921
1508	923
1508	926
1508	928
1508	931
1508	933
1508	935
1508	939
1508	941
1508	943
1508	946
1508	948
1508	950
1508	953
1509	955
1508	957
1508	960
1508	962
1508	964
1508	967
1508	969
1508	971
1508	974
1508	976
1508	978
1508	982
1508	984
1508	986
1508	989
1508	991
1508	993
1508	996
1508	998
1508	1001
1508	1003
1508	1005
1508	1008
1508	1010
1507	1012
1507	1015
1507	1017
1507	1020
1507	1022
1507	1025
1507	1028
1507	1030
1507	1033
1507	1035
1508	1037
1508	1040
1508	1042
1508	1045
1509	1047
1509	1049
1509	1052
1510	1054
1510	1057
1510	1059
1510	1061
1510	1064
1510	1067
1510	1070
1510	1072
1510	1074
1510	1077
1509	1079
1509	1082
1509	1084
1510	1086
1510	1089
1509	1091
1509	1093
1509	1096
1509	1098
1509	1101
1509	1103
1509	1105
1509	1108
1509	1111
1509	1114
1509	1116
1509	1118
1509	1121
1509	1123
1509	1126
1508	1128
1508	1130
1508	1133
1508	1135
1508	1138
1508	1140
1508	1142
1508	1145
1508	1147
1508	1150
1508	1153
1509	1155
1508	1158
1508	1160
1508	1163
1508	1165
1508	1167
1508	1170
1509	1172
1508	1174
1508	1177
1508	1179
1508	1182
1508	1184
1508	1186
1508	1189
1508	1191
1508	1195
1508	1197
1508	1199
1508	1202
1508	1204
1508	1207
1508	1209
1507	1211
1507	1214
1507	1216
1507	1219
1507	1221
1507	1223
1507	1226
1507	1228
1506	1231
1507	1233
1507	1235
1507	1239
1507	1241
1506	1244
1506	1246
1506	1248
1507	1251
1507	1253
1507	1255
1507	1258
1507	1260
1507	1263
1507	1265
1507	1267
1507	1270
1507	1272
1507	1275
1507	1277
1507	1280
1507	1283
1507	1285
1508	1288
1507	1290
1507	1292
1507	1295
1507	1297
1507	1300
1507	1302
1508	1304
1508	1307
1507	1309
1507	1312
1508	1314
1508	1316
1508	1319
1508	1321
1508	1325
1508	1327
1508	1329
1508	1332
1508	1334
1508	1336
1508	1339
1508	1341
1508	1344
1508	1346
1508	1348
1509	1351
1509	1353
1509	1356
1509	1358
1508	1360
1508	1363
1508	1366
1509	1369
1508	1371
1508	1373
1508	1376
1508	1378
1508	1381
1508	1383
1508	1385
1508	1388
1508	1390
1508	1393
1507	1395
1507	1397
1508	1400
1508	1402
1508	1405
1508	1408
1508	1410
1507	1413
1508	1415
1508	1418
1508	1420
1508	1422
1508	1425
1508	1427
1508	1429
1508	1432
1508	1434
1508	1437
1509	1439
1508	1441
1508	1444
1508	1446
1508	1449
1509	1452
1508	1454
1509	1457
1508	1459
1508	1462
1508	1464
1508	1466
1508	1469
1509	1471
1508	1474
1508	1476
1508	1478
1508	1481
1508	1483
1508	1486
1509	1488
1509	1490
1508	1494
1508	1496
1508	1498
1509	1501
1509	1503
1509	1506
1508	1508
1508	1510
1508	1513
1508	1515
1508	1518
1508	1520
1508	1522
1508	1525
1508	1527
1508	1530
1508	1532
1508	1534
1508	1538
1508	1540
1508	1543
1507	1545
1507	1547
1507	1550
1507	1552
1507	1555
1507	1557
1507	1559
1507	1562
1507	1564
1507	1567
1508	1569
1508	1571
1509	1574
1509	1576
1509	1579
1509	1582
1509	1584
1509	1587
1509	1589
1509	1591
1509	1594
1509	1596
1509	1599
1509	1601
1509	1603
1509	1606
1509	1608
1509	1611
1508	1613
1508	1615
1509	1618
1509	1620
1508	1624
1508	1626
1508	1628
1508	1631
1508	1633
1508	1636
1508	1638
1508	1640
1508	1643
1507	1645
1507	1648
1507	1650
1507	1652
1507	1655
1507	1657
1507	1660
1507	1662
1507	1665
1508	1668
1508	1670
1508	1672
1508	1675
1508	1677
1508	1680
1508	1682
1508	1684
1508	1687
1508	1689
1508	1692
1507	1694
1507	1696
1508	1699
1508	1701
1508	1704
1508	1707
1508	1709
1508	1712
1508	1714
1508	1717
1508	1719
1508	1721
1508	1724
1507	1726
1507	1729
1507	1731
1508	1733
1507	1736
1508	1738
1507	1741
1507	1743
1507	1745
1507	1748
1507	1751
1507	1753
1507	1756
1507	1758
1506	1761
1506	1763
1506	1765
1506	1768
1506	1770
1506	1773
1506	1775
1506	1777
1505	1780
1505	1782
1506	1785
1506	1787
1506	1789
1506	1793
1506	1795
1506	1798
1506	1800
1506	1802
1506	1805
1506	1807
1506	1810
1505	1812
1505	1814
1506	1817
1506	1819
1506	1822
1506	1824
1506	1826
1506	1829
1506	1831
1506	1833
1506	1837
1506	1839
1506	1842
1506	1844
1506	1846
1506	1849
1506	1851
1506	1854
1506	1856
1506	1858
1506	1861
1506	1863
1506	1866
1507	1868
1507	1870
1507	1873
1507	1875
1507	1879
1507	1881
1507	1883
1507	1886
1507	1888
1507	1891
1507	1893
1507	1895
1507	1898
1507	1900
1507	1903
1507	1905
1507	1907
1507	1910
1507	1912
1507	1915
1507	1917
1507	1920
1507	1923
1507	1925
1507	1927
1507	1930
1507	1932
1507	1935
1508	1937
1508	1939
1508	1942
1507	1944
1508	1947
1508	1949
1508	1951
1509	1954
1508	1956
1508	1959
1508	1961
1508	1964
1509	1967
1509	1969
1509	1972
1509	1974
1509	1976
1509	1979
1509	1981
1509	1984
1509	1986
1509	1988
1509	1991
1509	1993
1509	1996
1508	1998
1509	2000
1509	2003
1509	2006
1509	2008
1508	2011
1508	2013
1508	2016
1508	2018
1508	2020
1508	2023
1508	2025
1507	2028
1507	2030
1507	2032
1507	2035
1507	2037
1507	2040
1507	2042
1507	2044
1507	2048
1507	2050
1507	2053
1507	2055
1507	2057
1507	2060
1506	2062
1506	2065
1506	2067
1506	2069
1506	2072
1506	2074
1506	2077
1505	2079
1505	2081
1505	2084
1505	2086
1505	2088
1505	2092
1505	2094
1505	2097
1505	2099
1506	2101
1506	2104
1507	2106
1507	2109
1507	2111
1507	2113
1508	2116
1508	2118
1508	2121
1508	2123
1508	2125
1508	2128
1508	2130
1508	2134
1508	2136
1508	2138
1508	2141
1508	2143
1508	2146
1508	2148
1508	2150
1508	2153
1508	2155
1508	2158
1508	2160
1508	2162
1508	2165
1508	2167
1508	2169
1508	2172
1508	2174
1507	2178
1507	2180
1507	2182
1507	2185
1507	2187
1507	2190
1507	2192
1506	2194
1506	2197
1506	2199
1507	2202
1507	2204
1507	2206
1507	2209
1506	2211
1506	2214
1506	2216
1507	2219
1507	2222
1507	2224
1507	2227
1506	2229
1507	2231
1507	2234
1507	2236
1507	2239
1507	2241
1507	2243
1507	2246
1507	2248
1507	2250
1507	2253
1507	2255
1507	2258
1507	2260
1506	2263
1507	2266
1507	2268
1507	2271
1507	2273
1507	2275
1506	2278
1506	2280
1506	2283
1506	2285
1507	2287
1507	2290
1507	2292
1506	2295
1506	2297
1506	2299
1507	2302
1507	2305
1507	2308
1507	2310
1507	2312
1506	2315
1506	2317
1506	2319
1507	2322
1507	2324
1507	2327
1507	2329
1507	2331
1507	2334
1507	2336
1507	2339
1507	2341
1507	2343
1506	2347
1507	2349
1507	2352
1507	2354
1507	2356
1507	2359
1507	2361
1507	2364
1507	2366
1507	2368
1507	2371
1507	2373
1507	2376
1507	2378
1506	2380
1506	2383
1506	2385
1507	2388
1507	2391
1506	2393
1506	2396
1506	2398
1506	2400
1506	2403
1507	2405
1507	2408
1507	2410
1507	2412
1507	2415
1507	2417
1507	2420
1507	2422
1507	2424
1507	2427
1507	2429
1507	2433
1507	2435
1507	2437
1507	2440
1507	2442
1507	2445
1507	2447
1507	2449
1507	2452
1507	2454
1507	2457
1507	2459
1507	2461
1507	2464
1507	2466
1507	2469
1507	2471
1506	2473
1506	2477
1506	2479
1506	2481
1506	2484
1506	2486
1506	2489
1507	2491
1506	2493
1506	2496
1506	2498
1506	2501
1506	2503
1506	2505
1506	2508
1506	2510
1506	2513
1506	2515
1506	2518
1506	2521
1506	2523
1506	2526
1505	2528
1505	2530
1505	2533
1505	2535
1505	2538
1505	2540
1505	2542
1505	2545
1505	2547
1505	2550
1505	2552
1505	2554
1505	2557
1505	2560
1505	2562
1505	2565
1505	2567
1505	2570
1506	2572
1506	2574
1506	2577
1505	2579
1505	2582
1506	2584
1506	2586
1506	2589
1506	2591
1505	2594
1505	2596
1505	2598
1505	2601
1506	2604
1506	2607
1506	2609
1505	2611
1505	2614
1505	2616
1505	2619
1505	2621
1505	2623
1505	2626
1505	2628
1505	2631
1505	2633
1506	2635
1506	2638
1506	2640
1507	2642
1506	2646
1506	2648
1507	2651
1507	2653
1507	2655
1507	2658
1506	2660
1506	2663
1506	2665
1506	2667
1506	2670
1506	2672
1506	2675
1506	2677
1506	2679
1505	2682
1506	2684
1506	2688
1505	2690
1505	2692
1505	2695
1504	2697
1504	2700
1504	2702
1505	2704
1505	2707
1505	2709
1505	2712
1505	2714
1504	2716
1504	2719
1504	2721
1504	2723
1503	2726
1502	2728
1502	2732
1501	2734
1501	2736
1500	2739
1500	2741
1501	2744
1502	2746
1503	2748
1503	2751
1501	2753
1499	2756
1497	2758
1497	2760
1497	2763
1496	2765
1497	2768
1499	2770
1502	2772
1503	2776
1504	2778
1502	2781
1500	2783
1497	2785
1497	2788
1498	2790
1501	2793
1504	2795
1506	2797
1508	2800
1509	2802
1509	2804
1509	2807
1509	2809
1508	2812
1508	2814
1508	2817
1509	2820
1511	2822
1512	2825
1512	2827
1511	2829
1510	2832
1509	2834
1509	2837
1509	2839
1508	2841
1507	2844
1506	2846
1506	2849
1507	2851
1508	2853
1508	2856
1508	2859
1508	2862
1508	2864
1508	2866
1508	2869
1507	2871
1506	2874
1502	2876
1500	2878
1497	2881
1497	2883
1498	2885
1499	2888
1499	2890
1500	2893
1501	2895
1502	2897
1503	2900
1505	2903
1505	2906
1505	2908
1505	2910
1505	2913
1504	2915
1503	2918
1503	2920
1503	2922
1503	2925
1501	2927
1497	2930
1495	2932
1492	2934
1491	2937
1492	2939
1492	2942
1493	2945
1491	2947
1488	2950
1485	2952
1483	2955
1483	2957
1486	2959
1488	2962
1489	2964
1489	2966
1490	2969
1489	2971
1486	2974
1484	2976
1484	2978
1484	2981
1484	2983
1483	2987
1481	2989
1477	2991
1474	2994
1471	2996
1469	2999
1467	3001
1467	3003
1466	3006
1466	3008
1465	3011
1461	3013
1455	3015
1440	3018
1424	3020
1414	3023
1411	3025
1413	3027
1420	3031
1426	3033
1431	3036
1435	3038
1438	3040
1439	3043
1440	3045
1440	3047
1439	3050
1439	3052
1439	3055
1440	3057
1440	3059
1439	3062
1438	3064
1437	3067
1437	3069
1439	3072
1440	3075
1440	3077
1438	3080
1436	3082
1433	3084
1431	3087
1431	3089
1431	3092
1427	3094
1424	3096
1421	3099
1420	3101
1419	3104
1420	3106
1422	3108
1427	3111
1430	3113
1433	3117
1435	3119
1431	3121
1423	3124
1418	3126
1417	3128
1422	3131
1429	3133
1437	3136
1443	3138
1444	3140
1442	3143
1438	3145
1428	3148
1422	3150
1421	3152
1427	3155
1440	3158
1449	3161
1453	3163
1458	3165
1462	3168
1465	3170
1467	3173
1468	3175
1469	3177
1470	3180
1471	3182
1472	3185
1472	3187
1473	3189
1475	3192
1475	3194
1476	3197
1473	3200
1466	3202
1449	3205
1435	3207
1428	3209
1432	3212
1445	3214
1458	3217
1471	3219
1483	3221
1493	3224
1497	3226
1502	3229
1505	3231
1507	3233
1509	3236
1511	3238
1516	3241
1518	3244
1518	3246
1516	3249
1513	3251
1514	3254
1509	3256
1497	3258
1491	3261
1487	3263
1488	3266
1490	3268
1490	3270
1489	3273
1495	3275
1504	3278
1504	3280
1503	3282
1504	3286
1508	3288
1513	3290
1520	3293
1527	3295
1533	3298
1538	3300
1542	3302
1543	3305
1541	3307
1539	3310
1537	3312
1539	3314
1540	3317
1539	3319
1513	3322
1477	3324
1456	3326
1447	3330
1464	3332
1484	3335
1515	3337
1534	3339
1544	3342
1549	3344
1550	3347
1542	3349
1537	3351
1532	3354
1530	3356
1535	3359
1541	3361
1550	3363
1541	3366
1529	3368
1514	3371
1495	3374
1467	3376
1461	3379
1473	3381
1504	3383
1532	3386
1544	3388
1543	3391
1544	3393
1550	3395
1554	3398
1548	3400
1543	3403
1549	3405
1554	3407
1554	3410
1544	3412
1528	3416
1530	3418
1525	3420
1496	3423
1478	3425
1478	3428
1494	3430
1518	3432
1533	3435
1543	3437
1555	3440
1565	3442
1571	3444
1575	3447
1579	3449
1575	3452
1557	3454
1541	3457
1550	3460
1563	3462
1580	3464
1588	3467
1589	3469
1580	3472
1569	3474
1566	3476
1575	3479
1580	3481
1571	3484
1555	3486
1518	3488
1503	3491
1507	3493
1531	3496
1548	3499
1555	3501
1541	3504
1514	3506
1506	3509
1514	3511
1498	3513
1480	3516
1485	3518
1512	3521
1543	3523
1562	3525
1561	3528
1552	3530
1533	3533
1500	3535
1470	3537
1466	3540
1487	3543
1502	3545
1521	3548
1541	3550
1565	3553
1581	3555
1588	3557
1585	3560
1567	3562
1532	3565
1518	3567
1534	3569
1550	3572
1549	3574
1528	3577
1508	3579
1515	3581
1525	3585
1538	3587
1543	3590
1539	3592
1537	3594
1546	3597
1565	3599
1562	3602
1555	3604
1547	3606
1535	3609
1494	3611
1467	3614
1461	3616
1476	3618
1519	3621
1564	3623
1584	3625
1596	3629
1603	3631
1592	3634
1563	3636
1516	3638
1515	3641
1548	3643
1566	3646
1547	3648
1547	3650
1548	3653
1550	3655
1543	3658
1543	3660
1545	3662
1531	3665
1531	3667
1532	3671
1539	3673
1547	3675
1564	3678
1582	3680
1582	3683
1580	3685
1583	3687
1571	3690
1561	3692
1568	3694
1580	3697
1575	3699
1538	3702
1480	3704
1462	3706
1482	3709
1522	3712
1543	3715
1526	3717
1522	3719
1534	3722
1557	3724
1558	3727
1535	3729
1477	3731
1460	3734
1486	3736
1527	3739
1523	3741
1512	3743
1517	3746
1541	3748
1547	3751
1552	3753
1558	3756
1554	3759
1530	3761
1521	3764
1520	3766
1527	3768
1529	3771
1527	3773
1531	3775
1527	3778
1542	3780
1557	3783
1563	3785
1561	3787
1559	3790
1563	3792
1568	3795
1514	3798
1490	3800
1501	3803
1499	3805
1475	3808
1476	3810
1508	3812
1529	3815
1551	3817
1553	3820
1542	3822
1545	3824
1543	3827
1557	3829
1570	3832
1566	3834
1558	3836
1540	3840
1515	3842
1502	3845
1514	3847
1524	3849
1472	3852
1465	3854
1494	3856
1550	3859
1576	3861
1578	3864
1560	3866
1560	3868
1581	3871
1589	3873
1583	3876
1580	3878
1530	3880
1498	3884
1490	3886
1512	3889
1532	3891
1555	3893
1553	3896
1545	3898
1543	3901
1545	3903
1510	3905
1471	3908
1478	3910
1525	3913
1539	3915
1551	3917
1569	3920
1580	3922
1557	3926
1549	3928
1558	3930
1533	3933
1487	3935
1477	3937
1504	3940
1525	3942
1498	3945
1477	3947
1487	3949
1521	3952
1537	3954
1539	3957
1550	3959
1564	3961
1563	3964
1540	3966
1546	3970
1551	3972
1545	3974
1522	3977
1503	3979
1489	3982
1491	3984
1511	3986
1521	3989
1524	3991
1535	3994
1533	3996
1517	3998
1508	4001
1526	4003
1538	4006
1521	4008
1525	4011
1548	4014
1566	4016
1569	4018
1566	4021
1565	4023
1555	4026
1548	4028
1546	4030
1533	4033
1504	4035
1469	4038
1433	4040
1442	4042
1475	4045
1501	4047
1526	4050
1522	4052
1525	4055
1533	4058
1541	4060
1519	4063
1517	4065
1487	4067
1444	4070
1452	4072
1469	4075
1499	4077
1540	4079
1576	4082
1589	4084
1594	4087
1588	4089
1579	4091
1568	4094
1562	4097
1531	4099
1494	4102
1481	4104
1458	4107
1454	4109
1468	4111
1512	4114
1545	4116
1552	4119
1544	4121
1537	4123
1540	4126
1535	4128
1507	4131
1506	4133
1517	4135
1515	4139
1516	4141
1512	4144
1512	4146
1507	4148
1480	4151
1488	4153
1512	4156
1545	4158
1556	4160
1567	4163
1574	4165
1572	4168
1554	4170
1543	4172
1515	4175
1499	4177
1474	4179
1437	4183
1442	4185
1480	4188
1528	4190
1546	4192
1556	4195
1545	4197
1541	4200
1547	4202
1556	4204
1507	4207
1450	4209
1450	4212
1473	4214
1457	4216
1452	4219
1472	4221
1522	4225
1553	4227
1557	4229
1567	4232
1541	4234
1511	4237
1500	4239
1521	4241
1505	4244
1436	4246
1435	4249
1486	4251
1540	4253
1555	4256
1549	4258
1534	4261
1488	4263
1492	4265
1525	4269
1543	4271
1514	4273
1505	4276
1513	4278
1537	4281
1549	4283
1534	4285
1522	4288
1534	4290
1547	4293
1524	4295
1507	4297
1508	4300
1484	4302
1441	4305
1434	4307
1477	4310
1508	4313
1530	4315
1508	4318
1480	4320
1476	4322
1489	4325
1514	4327
1529	4330
1537	4332
1533	4334
1526	4337
1523	4339
1529	4342
1528	4344
1491	4346
1469	4349
1475	4352
1488	4354
1494	4357
1503	4359
1525	4362
1556	4364
1564	4366
1570	4369
1546	4371
1522	4374
1461	4376
1415	4378
1456	4381
1511	4383
1539	4386
1531	4388
1533	4390
1536	4393
1544	4396
1506	4399
1488	4401
1483	4403
1477	4406
1483	4408
1510	4411
1526	4413
1540	4415
1523	4418
1496	4420
1496	4423
1489	4425
1476	4427
1476	4430
1503	4432
1530	4434
1547	4438
1556	4440
1561	4443
1554	4445
1553	4447
1533	4450
1490	4452
1459	4455
1456	4457
1472	4459
1515	4462
1541	4464
1533	4467
1514	4469
1514	4471
1527	4474
1532	4476
1533	4480
1523	4482
1491	4484
1459	4487
1452	4489
1482	4492
1505	4494
1526	4496
1538	4499
1522	4501
1495	4504
1483	4506
1471	4508
1452	4511
1466	4513
1511	4515
1532	4518
1542	4520
1547	4524
1561	4526
1557	4528
1527	4531
1501	4533
1478	4536
1472	4538
1474	4540
1488	4543
1508	4545
1503	4548
1512	4550
1535	4552
1543	4555
1539	4557
1476	4560
1446	4562
1451	4564
1474	4568
1504	4570
1510	4573
1513	4575
1521	4577
1532	4580
1530	4582
1525	4585
1509	4587
1469	4589
1441	4592
1457	4594
1505	4596
1526	4599
1536	4601
1535	4604
1535	4606
1544	4609
1545	4612
1511	4614
1472	4617
1445	4619
1439	4621
1459	4624
1500	4626
1518	4629
1496	4631
1448	4633
1441	4636
1485	4638
1516	4641
1538	4643
1555	4645
1558	4648
1505	4651
1440	4654
1463	4656
1505	4658
1556	4661
1531	4663
1476	4666
1471	4668
1513	4670
1556	4673
1555	4675
1522	4677
1488	4680
1500	4682
1461	4685
1437	4687
1468	4689
1530	4692
1562	4695
1562	4698
1554	4700
1538	4702
1527	4705
1513	4707
1489	4710
1476	4712
1478	4714
1510	4717
1523	4719
1526	4722
1533	4724
1522	4726
1483	4729
1466	4731
1470	4734
1495	4737
1508	4739
1524	4742
1529	4744
1500	4747
1479	4749
1481	4751
1513	4754
1542	4756
1531	4758
1495	4761
1478	4763
1494	4766
1521	4768
1549	4770
1541	4773
1492	4775
1479	4779
1498	4781
1505	4783
1478	4786
1477	4788
1491	4791
1503	4793
1521	4795
1506	4798
1492	4800
1507	4803
1524	4805
1536	4807
1485	4810
1428	4812
1442	4815
1487	4817
1536	4819
1552	4823
1565	4825
1549	4828
1502	4830
1484	4832
1486	4835
1499	4837
1457	4839
1435	4842
1465	4844
1511	4847
1510	4849
1501	4851
1480	4854
1484	4856
1507	4859
1522	4861
1509	4864
1514	4867
1503	4869
1486	4872
1476	4874
1506	4876
1533	4879
1518	4881
1493	4884
1506	4886
1527	4888
1499	4891
1448	4893
1433	4896
1444	4898
1486	4900
1511	4903
1525	4905
1545	4909
1561	4911
1540	4913
1510	4916
1479	4918
1474	4921
1462	4923
1456	4925
1461	4928
1453	4930
1470	4932
1516	4935
1531	4937
1500	4940
1474	4942
1475	4944
1507	4947
1535	4950
1541	4953
1519	4955
1492	4957
1483	4960
1494	4962
1525	4965
1515	4967
1497	4969
1482	4972
1467	4974
1461	4977
1474	4979
1503	4981
1506	4984
1498	4986
1504	4989
1511	4992
1503	4994
1501	4997
1506	4999
1510	5002
1456	5004
1434	5006
1470	5009
1527	5011
1559	5013
1574	5016
1548	5018
1508	5021
1469	5023
1445	5025
1470	5028
1499	5030
1511	5033
1513	5036
1531	5038
1547	5041
1545	5043
1532	5046
1523	5048
1498	5050
1463	5053
1442	5055
1459	5058
1493	5060
1515	5062
1529	5065
1515	5067
1502	5070
1508	5072
1523	5074
1540	5078
1512	5080
1492	5082
1445	5085
1429	5087
1453	5090
1492	5092
1501	5094
1506	5097
1527	5099
1543	5102
1530	5104
1530	5106
1507	5109
1506	5111
1510	5114
1494	5116
1453	5118
1423	5122
1431	5124
1453	5127
1481	5129
1508	5131
1518	5134
1532	5136
1536	5139
1535	5141
1525	5143
1528	5146
1489	5148
1418	5151
1407	5153
1447	5155
1504	5158
1543	5160
1574	5164
1574	5166
1569	5168
1560	5171
1528	5173
1487	5175
1472	5178
1415	5180
1399	5183
1457	5185
1503	5187
1544	5190
1552	5192
1551	5195
1552	5197
1557	5199
1538	5202
1462	5204
1435	5208
1450	5210
1466	5212
1469	5215
1477	5217
1504	5220
1542	5222
1550	5224
1536	5227
1529	5229
1465	5232
1415	5234
1428	5236
1473	5239
1507	5241
1521	5244
1514	5246
1510	5249
1535	5252
1554	5254
1560	5256
1529	5259
1491	5261
1458	5264
1466	5266
1478	5268
1471	5271
1486	5273
1511	5276
1534	5278
1552	5280
1544	5283
1542	5285
1529	5288
1520	5291
1515	5293
1479	5296
1456	5298
1471	5301
1473	5303
1461	5305
1474	5308
1509	5310
1546	5313
1538	5315
1505	5317
1487	5320
1512	5322
1529	5325
1496	5327
1418	5329
1411	5332
1457	5335
1518	5337
1554	5340
1560	5342
1554	5345
1534	5347
1536	5349
1559	5352
1553	5354
1497	5357
1432	5359
1410	5361
1433	5364
1487	5366
1537	5369
1557	5371
1561	5373
1558	5377
1552	5379
1528	5382
1516	5384
1454	5386
1417	5389
1432	5391
1496	5394
1538	5396
1550	5398
1491	5401
1416	5403
1429	5406
1481	5408
1519	5410
1524	5413
1467	5415
1411	5417
1418	5421
1484	5423
1527	5426
1532	5428
1487	5430
1481	5433
1500	5435
1525	5438
1540	5440
1542	5442
1537	5445
1477	5447
1463	5450
1508	5452
1538	5454
1547	5457
1527	5459
1524	5463
1530	5465
1508	5467
1495	5470
1460	5472
1437	5475
1463	5477
1502	5479
1490	5482
1487	5484
1511	5487
1523	5489
1514	5491
1492	5494
1483	5496
1483	5499
1456	5501
1464	5504
1454	5507
1447	5509
1438	5511
1463	5514
1504	5516
1537	5519
1534	5521
1482	5523
1468	5526
1480	5528
1466	5531
1443	5533
1446	5535
1489	5538
1544	5540
1567	5543
1566	5545
1544	5548
1520	5551
1525	5553
1537	5556
1505	5558
1412	5560
1390	5563
1424	5565
1485	5568
1530	5570
1514	5572
1444	5575
1438	5577
1486	5580
1521	5582
1541	5584
1539	5587
1501	5590
1478	5592
1452	5595
1465	5597
1492	5600
1489	5602
1487	5604
1517	5607
1534	5609
1549	5612
1554	5614
1540	5616
1523	5619
1504	5621
1407	5624
1377	5626
1424	5628
1508	5632
1552	5634
1566	5637
1545	5639
1530	5641
1499	5644
1475	5646
1460	5649
1480	5651
1488	5653
1463	5656
1449	5658
1476	5661
1506	5663
1514	5665
1516	5668
1519	5670
1517	5672
1525	5676
1482	5678
1443	5681
1437	5683
1453	5685
1494	5688
1529	5690
1527	5693
1534	5695
1548	5697
1555	5700
1557	5702
1531	5705
1435	5707
1402	5709
1445	5712
1530	5714
1586	5718
1603	5720
1583	5722
1534	5725
1503	5727
1499	5730
1524	5732
1537	5734
1540	5737
1546	5739
1533	5742
1466	5744
1456	5746
1500	5749
1518	5751
1521	5753
1505	5756
1494	5758
1490	5762
1495	5764
1516	5766
1542	5769
1537	5771
1498	5774
1463	5776
1486	5778
1532	5781
1561	5783
1583	5786
1584	5788
1567	5790
1543	5793
1517	5795
1490	5798
1483	5800
1500	5803
1461	5806
1439	5808
1454	5811
1499	5813
1542	5815
1557	5818
1546	5820
1539	5823
1541	5825
1518	5827
1452	5830
1440	5832
1493	5835
1527	5837
1505	5839
1481	5842
1485	5844
1511	5847
1526	5850
1492	5852
1480	5855
1502	5857
1543	5859
1552	5862
1529	5864
1519	5867
1523	5869
1495	5871
1477	5874
1493	5876
1520	5879
1521	5881
1525	5883
1526	5886
1516	5889
1503	5892
1505	5894
1510	5896
1503	5899
1524	5901
1522	5904
1516	5906
1489	5908
1483	5911
1483	5913
1472	5916
1489	5918
1511	5920
1506	5923
1481	5925
1461	5928
1475	5931
1508	5933
1543	5936
1566	5938
1579	5940
1558	5943
1519	5945
1481	5948
1465	5950
1473	5952
1488	5955
1488	5957
1511	5960
1514	5962
1514	5964
1522	5967
1541	5969
1557	5972
1561	5975
1568	5977
1514	5980
1420	5982
1406	5985
1460	5987
1527	5989
1535	5992
1525	5994
1496	5997
1498	5999
1516	6001
1519	6004
1516	6006
1511	6009
1515	6011
1514	6013
1509	6017
1518	6019
1524	6021
1521	6024
1502	6026
1483	6029
1485	6031
1521	6033
1558	6036
1570	6038
1548	6041
1539	6043
1525	6045
1502	6048
1493	6050
1444	6053
1433	6055
1461	6057
1512	6061
1525	6063
1525	6066
1527	6068
1532	6070
1524	6073
1524	6075
1524	6078
1492	6080
1414	6082
1400	6085
1452	6087
1526	6090
1561	6092
1569	6094
1575	6097
1568	6099
1519	6103
1494	6105
1487	6107
1502	6110
1515	6112
1488	6114
1417	6117
1415	6119
1451	6122
1514	6124
1524	6126
1535	6129
1548	6131
1570	6134
1576	6136
1574	6138
1568	6141
1529	6144
1480	6147
1469	6149
1451	6151
1439	6154
1434	6156
1462	6159
1509	6161
1544	6163
1553	6166
1562	6168
1575	6171
1573	6173
1566	6175
1538	6178
1507	6180
1478	6182
1479	6185
1491	6188
1483	6191
1466	6193
1447	6195
1446	6198
1470	6200
1506	6203
1542	6205
1553	6207
1546	6210
1536	6212
1537	6215
1544	6217
1529	6219
1517	6222
1501	6224
1497	6227
1494	6230
1488	6232
1478	6235
1484	6237
1496	6240
1509	6242
1514	6244
1492	6247
1472	6249
1461	6252
1488	6254
1490	6256
1486	6259
1487	6261
1479	6263
1494	6266
1511	6268
1509	6272
1503	6274
1526	6276
1557	6279
1538	6281
1519	6284
1527	6286
1524	6288
1535	6291
1563	6293
1573	6296
1487	6298
1419	6300
1432	6303
1499	6305
1564	6308
1581	6310
1558	6312
1536	6316
1536	6318
1537	6321
1517	6323
1494	6325
1502	6328
1502	6330
1497	6333
1513	6335
1528	6337
1498	6340
1469	6342
1489	6344
1530	6347
1528	6349
1482	6352
1440	6354
1462	6356
1492	6360
1512	6362
1503	6365
1495	6367
1513	6369
1540	6372
1514	6374
1491	6377
1500	6379
1539	6381
1573	6384
1535	6386
1470	6389
1443	6391
1484	6393
1527	6396
1548	6398
1544	6402
1549	6404
1540	6406
1528	6409
1512	6411
1519	6414
1542	6416
1553	6418
1499	6421
1453	6423
1445	6426
1475	6428
1528	6430
1549	6433
1554	6435
1557	6438
1548	6440
1527	6443
1491	6446
1470	6448
1476	6451
1490	6453
1449	6455
1446	6458
1477	6460
1509	6462
1533	6465
1550	6467
1536	6470
1517	6472
1506	6474
1520	6477
1535	6479
1522	6482
1483	6484
1481	6487
1514	6490
1544	6492
1536	6495
1529	6497
1532	6499
1539	6502
1509	6504
1477	6507
1477	6509
1494	6511
1490	6514
1497	6516
1520	6519
1536	6521
1529	6523
1507	6526
1513	6529
1540	6532
1518	6534
1479	6536
1473	6539
1474	6541
1474	6543
1498	6546
1540	6548
1560	6551
1548	6553
1517	6555
1483	6558
1484	6560
1516	6563
1500	6565
1470	6567
1475	6571
1495	6573
1521	6576
1537	6578
1545	6580
1551	6583
1529	6585
1518	6588
1531	6590
1524	6592
1487	6595
1472	6597
1451	6600
1432	6602
1448	6604
1484	6607
1514	6609
1498	6612
1478	6615
1471	6617
1502	6620
1520	6622
1496	6624
1472	6627
1493	6629
1520	6632
1538	6634
1512	6636
1500	6639
1527	6641
1534	6644
1514	6646
1518	6648
1533	6651
1518	6653
1452	6657
1450	6659
1488	6661
1542	6664
1560	6666
1564	6669
1544	6671
1477	6673
1445	6676
1470	6678
1496	6681
1509	6683
1520	6685
1540	6688
1550	6690
1545	6693
1533	6695
1499	6697
1467	6701
1456	6703
1427	6705
1425	6708
1448	6710
1496	6713
1518	6715
1537	6717
1568	6720
1588	6722
1578	6725
1526	6727
1499	6729
1469	6732
1466	6734
1441	6737
1444	6739
1489	6742
1533	6745
1559	6747
1564	6750
1567	6752
1567	6754
1544	6757
1442	6759
1381	6762
1382	6764
1432	6766
1503	6769
1539	6771
1555	6774
1539	6776
1447	6778
1425	6781
1474	6784
1506	6786
1512	6789
1502	6791
1518	6794
1548	6796
1560	6798
1560	6801
1554	6803
1563	6806
1562	6808
1541	6810
1503	6813
1476	6815
1450	6818
1454	6820
1491	6822
1527	6825
1559	6828
1553	6831
1488	6833
1453	6835
1463	6838
1520	6840
1553	6843
1536	6845
1493	6847
1477	6850
1477	6852
1491	6855
1520	6857
1542	6859
1539	6862
1509	6864
1484	6866
1461	6870
1454	6872
1482	6875
1513	6877
1524	6879
1515	6882
1497	6884
1507	6887
1517	6889
1459	6891
1420	6894
1453	6896
1503	6899
1558	6901
1581	6903
1554	6906
1506	6908
1490	6912
1506	6914
1527	6916
1537	6919
1538	6921
1535	6924
1531	6926
1517	6928
1509	6931
1498	6933
1497	6936
1490	6938
1508	6940
1539	6943
1543	6945
1513	6947
1477	6950
1472	6952
1479	6956
1441	6958
1419	6960
1445	6963
1501	6965
1540	6968
1540	6970
1537	6972
1525	6975
1526	6977
1529	6980
1527	6982
1503	6984
1484	6987
1484	6989
1504	6992
1506	6994
1517	6996
1525	7000
1494	7002
1457	7005
1481	7007
1504	7009
1521	7012
1530	7014
1509	7017
1487	7019
1489	7021
1479	7024
1478	7026
1505	7028
1545	7031
1522	7033
1484	7036
1482	7038
1493	7041
1481	7044
1458	7046
1486	7049
1534	7051
1561	7053
1573	7056
1566	7058
1515	7061
1467	7063
1419	7065
1396	7068
1429	7070
1481	7073
1550	7075
1576	7077
1565	7080
1551	7083
1540	7086
1522	7088
1532	7090
1564	7093
1575	7095
1520	7098
1439	7100
1413	7102
1476	7105
1536	7107
1552	7109
1532	7112
1521	7114
1530	7117
1541	7119
1495	7121
1434	7124
1407	7127
1396	7130
1435	7132
1500	7134
1531	7137
1545	7139
1554	7142
1567	7144
1563	7146
1547	7149
1528	7151
1509	7154
1507	7156
1447	7158
1397	7161
1417	7163
1491	7166
1552	7169
1583	7171
1571	7174
1529	7176
1500	7179
1506	7181
1468	7183
1430	7186
1469	7188
1522	7190
1569	7193
1543	7195
1492	7198
1477	7200
1491	7202
1521	7205
1504	7207
1467	7211
1468	7213
1510	7215
1545	7218
1574	7220
1585	7223
1545	7225
1513	7227
1464	7230
1463	7232
1473	7235
1470	7237
1478	7239
1503	7242
1531	7244
1540	7247
1531	7249
1531	7251
1521	7255
1520	7257
1533	7260
1552	7262
1541	7264
1520	7267
1494	7269
1470	7271
1470	7274
1478	7276
1482	7279
1478	7281
1471	7283
1480	7286
1502	7288
1521	7291
1543	7293
1545	7296
1525	7299
1492	7301
1470	7304
1474	7306
1484	7308
1504	7311
1524	7313
1525	7316
1491	7318
1455	7320
1469	7323
1518	7325
1539	7328
1537	7330
1542	7332
1527	7335
1517	7337
1501	7341
1457	7343
1451	7345
1487	7348
1523	7350
1503	7352
1490	7355
1501	7357
1523	7360
1527	7362
1517	7364
1503	7367
1484	7369
1468	7372
1479	7374
1525	7376
1570	7379
1587	7382
1582	7385
1563	7387
1508	7389
1466	7392
1462	7394
1489	7397
1502	7399
1508	7401
1526	7404
1542	7406
1533	7409
1515	7411
1481	7413
1477	7416
1505	7418
1521	7421
1522	7424
1541	7426
1523	7429
1494	7431
1480	7434
1480	7436
1491	7438
1482	7441
1453	7443
1457	7445
1484	7448
1514	7450
1533	7453
1540	7455
1528	7457
1535	7460
1531	7462
1515	7465
1491	7468
1462	7470
1420	7473
1419	7475
1476	7478
1542	7480
1570	7482
1567	7485
1564	7487
1538	7490
1507	7492
1504	7494
1508	7497
1510	7499
1502	7502
1458	7504
1448	7506
1490	7510
1533	7512
1555	7515
1522	7517
1506	7519
1506	7522
1504	7524
1500	7526
1500	7529
1503	7531
1466	7534
1433	7536
1434	7538
1469	7541
1496	7543
1513	7546
1527	7548
1556	7550
1567	7554
1562	7556
1551	7559
1544	7561
1487	7563
1451	7566
1456	7568
1474	7571
1503	7573
1526	7575
1531	7578
1541	7580
1544	7583
1522	7585
1504	7587
1512	7590
1497	7592
1431	7596
1405	7598
1444	7600
1484	7603
1529	7605
1554	7608
1567	7610
1570	7612
1572	7615
1569	7617
1563	7619
1542	7622
1499	7624
1485	7627
1489	7629
1440	7631
1422	7634
1460	7636
1504	7640
1551	7642
1579	7644
1584	7647
1570	7649
1507	7652
1457	7654
1451	7656
1486	7659
1540	7661
1565	7664
1568	7666
1503	7668
1449	7671
1465	7673
1492	7676
1479	7678
1475	7681
1496	7684
1520	7686
1555	7689
1560	7691
1515	7693
1470	7696
1474	7698
1480	7700
1484	7703
1480	7705
1493	7708
1524	7710
1551	7712
1579	7715
1582	7717
1572	7720
1565	7723
1553	7725
1522	7728
1466	7730
1419	7733
1390	7735
1381	7737
1407	7740
1471	7742
1536	7745
1576	7747
1580	7749
1545	7752
1522	7754
1532	7757
1544	7759
1554	7761
1466	7764
1389	7767
1386	7770
1469	7772
1531	7774
1545	7777
1557	7779
1566	7782
1555	7784
1532	7786
1507	7789
1503	7791
1498	7793
1470	7796
1459	7798
1497	7801
1527	7803
1519	7805
1494	7809
1500	7811
1526	7814
1523	7816
1489	7818
1481	7821
1494	7823
1490	7826
1497	7828
1517	7830
1522	7833
1515	7835
1540	7838
1550	7840
1534	7842
1472	7845
1389	7847
1380	7851
1442	7853
1524	7855
1565	7858
1591	7860
1589	7863
1573	7865
1545	7867
1509	7870
1475	7872
1473	7874
1482	7877
1442	7879
1391	7882
1392	7884
1439	7886
1515	7889
1567	7891
1583	7895
1582	7897
1565	7899
1540	7902
1515	7904
1413	7907
1354	7909
1403	7911
1469	7914
1535	7916
1562	7919
1562	7921
1553	7923
1550	7926
1552	7928
1551	7931
1506	7933
1468	7936
1467	7939
1431	7941
1401	7944
1435	7946
1501	7948
1535	7951
1520	7953
1502	7956
1516	7958
1538	7960
1562	7963
1546	7965
1523	7967
1466	7970
1415	7972
1423	7975
1469	7977
1527	7980
1535	7983
1530	7985
1536	7988
1510	7990
1482	7992
1488	7995
1486	7997
1467	8000
1479	8002
1491	8004
1518	8007
1543	8009
1519	8012
1495	8014
1463	8016
1472	8019
1501	8022
1521	8025
1536	8027
1529	8029
1502	8032
1482	8034
1508	8037
1512	8039
1497	8041
1499	8044
1526	8046
1538	8048
1529	8051
1522	8053
1536	8056
1554	8058
1565	8060
1563	8064
1538	8066
1497	8069
1460	8071
1421	8073
1429	8076
1449	8078
1443	8081
1444	8083
1449	8085
1474	8088
1522	8090
1543	8093
1544	8095
1545	8097
1552	8100
1556	8102
1547	8105
1530	8108
1521	8110
1511	8113
1494	8115
1476	8118
1499	8120
1544	8122
1570	8125
1580	8127
1567	8129
1564	8132
1565	8134
1549	8137
1504	8139
1478	8141
1485	8144
1511	8146
1475	8150
1453	8152
1469	8154
1501	8157
1507	8159
1509	8162
1533	8164
1557	8166
1566	8169
1532	8171
1475	8174
1438	8176
1389	8178
1360	8181
1406	8183
1491	8186
1524	8188
1530	8190
1540	8194
1558	8196
1578	8199
1583	8201
1582	8203
1577	8206
1566	8208
1556	8211
1537	8213
1499	8215
1454	8218
1446	8220
1441	8222
1448	8225
1477	8227
1499	8230
1494	8232
1500	8235
1493	8238
1495	8240
1514	8243
1544	8245
1554	8247
1556	8250
1536	8252
1519	8255
1527	8257
1495	8259
1471	8262
1449	8264
1447	8267
1466	8269
1508	8271
1555	8274
1586	8276
1576	8280
1539	8282
1526	8284
1549	8287
1562	8289
1557	8292
1541	8294
1525	8296
1512	8299
1498	8301
1496	8303
1473	8306
1452	8308
1479	8311
1512	8313
1512	8315
1421	8318
1367	8321
1411	8324
1476	8326
1546	8328
1572	8331
1576	8333
1562	8336
1546	8338
1553	8340
1566	8343
1578	8345
1562	8348
1498	8350
1455	8352
1434	8355
1471	8357
1511	8360
1547	8363
1564	8365
1566	8368
1570	8370
1571	8373
1561	8375
1557	8377
1559	8380
1557	8382
1551	8384
1543	8387
1512	8389
1401	8392
1355	8394
1385	8396
1438	8399
1484	8401
1524	8404
1549	8407
1569	8409
1561	8412
1544	8414
1542	8417
1547	8419
1549	8421
1543	8424
1539	8426
1533	8429
1507	8431
1498	8433
1504	8436
1521	8438
1537	8441
1544	8443
1549	8445
1545	8449
1541	8451
1542	8454
1542	8456
1543	8458
1542	8461
1540	8463
1532	8465
1516	8468
1508	8470
1510	8473
1503	8475
1485	8477
1478	8480
1477	8482
1456	8485
1458	8487
1479	8489
1501	8493
1506	8495
1508	8498
1516	8500
1527	8502
1528	8505
1525	8507
1521	8510
1521	8512
1517	8514
1513	8517
1511	8519
1509	8522
1507	8524
1504	8526
1503	8529
1504	8531
1504	8535
1501	8537
1500	8539
1502	8542
1504	8544
1505	8546
1503	8549
1503	8551
1499	8554
1489	8556
1483	8558
1470	8561
1460	8563
1466	8566
1478	8568
1484	8570
1493	8573
1504	8576
1511	8579
1513	8581
1514	8583
1513	8586
1513	8588
1513	8591
1512	8593
1512	8595
1512	8598
1510	8600
1509	8603
1508	8605
1507	8607
1507	8610
1506	8612
1505	8615
1504	8617
1504	8620
1504	8623
1504	8625
1504	8627
1499	8630
1494	8632
1493	8635
1495	8637
1500	8639
1504	8642
1506	8644
1503	8647
1498	8649
1499	8651
1499	8654
1502	8656
1502	8659
1503	8662
1504	8664
1505	8667
1507	8669
1508	8672
1508	8674
1508	8676
1507	8679
1507	8681
1507	8684
1507	8686
1507	8688
1506	8691
1505	8693
1504	8696
1504	8698
1504	8700
1504	8704
1504	8706
1504	8708
1504	8711
1505	8713
1505	8716
1505	8718
1505	8720
1505	8723
1506	8725
1507	8728
1507	8730
1506	8732
1506	8735
1508	8737
1509	8740
1510	8742
1511	8744
1512	8748
1511	8750
1511	8753
1512	8755
1515	8757
1517	8760
1516	8762
1514	8765
1512	8767
1513	8769
1515	8772
1517	8774
1519	8777
1519	8779
1519	8781
1520	8784
1520	8786
1520	8788
1521	8792
1521	8794
1521	8797
1521	8799
1520	8801
1521	8804
1521	8806
1521	8809
1522	8811
1522	8813
1522	8816
1522	8818
1522	8821
1523	8823
1523	8825
1523	8828
1523	8830
1522	8834
1522	8836
1522	8838
1522	8841
1522	8843
1522	8846
1522	8848
1522	8850
1522	8853
1522	8855
1523	8858
1523	8860
1523	8862
1523	8865
1524	8867
1524	8870
1524	8872
1524	8875
1524	8878
1523	8880
1523	8882
1523	8885
1522	8887
1522	8890
1522	8892
1521	8894
1521	8897
1520	8899
1520	8902
1519	8904
1519	8906
1519	8909
1519	8911
1519	8914
1518	8916
1518	8919
1518	8922
1518	8924
1518	8927
1517	8929
1517	8931
1516	8934
1516	8936
1516	8939
1516	8941
1516	8943
1516	8946
1515	8948
1515	8951
1515	8953
1515	8955
1515	8958
1515	8961
1515	8963
1515	8966
1514	8968
1514	8971
1515	8973
1515	8975
1514	8978
1514	8980
1514	8983
1513	8985
1514	8987
1513	8990
1514	8992
1513	8995
1513	8997
1513	8999
1512	9003
1512	9005
1513	9008
1512	9010
1512	9012
1512	9015
1511	9017
1511	9020
1511	9022
1512	9024
1512	9027
1511	9029
1510	9032
1510	9034
1509	9036
1509	9039
1509	9041
1509	9043
1508	9047
1508	9049
1507	9052
1507	9054
1507	9056
1506	9059
1506	9061
1505	9064
1505	9066
1504	9068
1504	9071
1504	9073
1504	9076
1504	9078
1504	9080
1503	9083
1503	9085
1503	9089
1503	9091
1503	9093
1503	9096
1502	9098
1502	9101
1502	9103
1503	9105
1503	9108
1503	9110
1503	9113
1503	9115
1503	9117
1503	9120
1504	9122
1503	9124
1503	9127
1503	9129
1503	9133
1503	9135
1503	9137
1503	9140
1503	9142
1504	9145
1504	9147
1504	9149
1504	9152
1504	9154
1504	9157
1505	9159
1505	9161
1505	9164
1505	9166
1505	9169
1506	9171
1506	9174
1506	9177
1507	9179
1507	9182
1507	9184
1507	9186
1508	9189
1508	9191
1508	9194
1509	9196
1509	9198
1509	9201
1509	9203
1510	9205
1510	9208
1511	9210
1511	9213
1511	9216
1511	9218
1511	9221
1511	9223
1512	9226
1512	9228
1512	9230
1512	9233
1512	9235
1512	9238
1513	9240
1514	9242
1514	9245
1514	9247
1515	9250
1515	9252
1515	9254
1516	9257
1516	9260
1517	9263
1516	9265
1516	9267
1516	9270
1516	9272
1517	9275
1517	9277
1517	9279
1517	9282
1517	9284
1517	9287
1516	9289
1516	9291
1516	9294
1516	9296
1515	9298
1514	9302
1514	9304
1513	9307
1513	9309
1512	9311
1511	9314
1511	9316
1510	9319
1510	9321
1509	9323
1509	9326
1508	9328
1508	9331
1507	9333
1507	9335
1506	9338
1506	9340
1505	9344
1505	9346
1504	9348
1504	9351
1504	9353
1504	9356
1504	9358
1504	9360
1504	9363
1504	9365
1504	9368
1504	9370
1504	9372
1504	9375
1504	9377
1504	9380
1503	9382
1503	9384
1503	9388
1503	9390
1503	9392
1503	9395
1503	9397
1503	9400
1503	9402
1504	9404
1504	9407
1505	9409
1505	9412
1505	9414
1505	9416
1506	9419
1506	9421
1507	9424
1507	9426
1507	9428
1508	9432
1508	9434
1508	9437
1509	9439
1509	9441
1510	9444
1511	9446
1511	9449
1512	9451
1512	9453
1513	9456
1514	9458
1514	9461
1515	9463
1515	9465
1516	9468
1516	9470
1517	9473
1517	9476
1518	9478
1518	9481
1518	9483
1518	9485
1519	9488
1519	9490
1520	9493
1520	9495
1520	9497
1521	9500
1521	9502
1521	9505
1522	9507
1522	9509
1522	9512
1523	9515
1523	9518
1523	9520
1524	9522
1524	9525
1524	9527
1524	9530
1524	9532
1524	9534
1524	9537
1524	9539
1524	9542
1524	9544
1524	9546
1524	9549
1524	9551
1524	9554
1524	9556
1524	9559
1524	9562
1524	9564
1524	9566
1524	9569
1524	9571
1524	9574
1524	9576
1524	9578
1523	9581
1523	9583
1523	9586
1523	9588
1523	9590
1523	9593
1523	9595
1523	9598
1523	9601
1523	9603
1523	9606
1523	9608
1523	9611
1523	9613
1523	9615
1523	9618
1522	9620
1522	9623
1523	9625
1523	9627
1523	9630
1523	9632
1523	9635
1523	9637
1523	9639
1523	9643
1523	9645
1523	9648
1523	9650
1523	9652
1523	9655
1523	9657
1523	9659
1523	9662
1523	9664
1523	9667
1523	9669
1523	9671
1524	9674
1524	9676
1524	9679
1524	9681
1524	9683
1524	9687
1524	9689
1524	9692
1524	9694
1524	9696
1523	9699
1523	9701
1523	9704
1523	9706
1523	9708
1523	9711
1523	9713
1523	9716
1523	9718
1523	9720
1523	9723
1523	9725
1523	9729
1523	9731
1522	9733
1522	9736
1522	9738
1522	9740
1522	9743
1522	9745
1521	9748
1521	9750
1521	9752
1521	9755
1521	9757
1521	9760
1521	9762
1520	9764
1520	9767
1520	9769
1520	9773
1520	9775
1520	9777
1520	9780
1520	9782
1520	9785
1519	9787
1519	9789
1520	9792
1520	9794
1520	9797
1519	9799
1520	9801
1520	9804
1520	9806
1520	9809
1520	9811
1520	9814
1520	9817
1520	9819
1520	9821
1520	9824
1520	9826
1520	9829
1520	9831
1520	9833
1519	9836
1519	9838
1519	9841
1519	9843
1520	9845
1520	9848
1520	9850
1520	9853
1520	9856
1520	9858
1521	9861
1521	9863
1521	9866
1521	9868
1521	9870
1521	9873
1521	9875
1522	9878
1521	9880
1521	9882
1521	9885
1521	9887
1521	9890
1521	9892
1520	9894
1520	9897
1520	9900
1520	9902
1520	9905
1519	9907
1519	9910
1519	9912
1519	9914
1519	9917
1518	9919
1518	9922
1519	9924
1519	9926
1519	9929
1519	9931
1519	9934
1519	9936
1519	9938
1519	9942
1519	9944
1519	9947
1518	9949
1518	9951
1518	9954
1518	9956
1518	9959
1518	9961
1518	9963
1518	9966
1518	9968
1518	9971
1518	9973
1518	9975
1518	9978
1518	9980
1518	9982
1518	9986
1518	9988
1518	9991
1518	9993
1518	9995
1518	9998
1518	10000
1518	10003
1518	10005
1518	10008
1518	10010
1518	10012
1518	10015
1518	10017
1518	10020
1518	10022
1518	10025
1518	10028
1518	10031
1518	10033
1518	10036
1518	10038
1518	10040
1518	10043
1518	10045
1517	10048
1517	10050
1517	10053
1517	10055
1517	10058
1517	10060
1517	10062
1517	10065
1517	10067
1517	10071
1517	10073
1517	10076
1517	10078
1517	10081
1517	10083
1516	10085
1516	10088
1516	10090
1516	10093
1516	10095
1516	10098
1516	10100
1515	10103
1515	10105
1515	10107
1515	10110
1515	10113
1515	10116
1514	10118
1514	10121
1514	10123
1514	10126
1514	10128
1514	10130
1513	10133
1513	10135
1513	10138
1513	10140
1513	10143
1513	10145
1512	10148
1512	10150
1512	10152
1512	10156
1512	10158
1512	10161
1512	10163
1512	10166
1511	10168
1511	10171
1512	10173
1512	10175
1511	10178
1511	10180
1511	10183
1511	10185
1511	10188
1511	10190
1511	10193
1511	10195
1510	10198
1510	10201
1510	10203
1510	10206
1510	10208
1510	10211
1510	10213
1510	10216
1509	10218
1509	10221
1509	10223
1509	10225
1509	10228
1509	10230
1509	10233
1508	10235
1508	10238
1508	10241
1508	10244
1508	10246
1508	10248
1508	10251
1507	10253
1507	10256
1507	10258
1507	10261
1507	10263
1507	10266
1507	10268
1507	10270
1507	10273
1507	10275
1507	10278
1507	10280
1506	10284
1506	10286
1506	10289
1506	10291
1506	10293
1506	10296
1506	10298
1505	10301
1505	10303
1505	10306
1505	10308
1505	10311
1504	10313
1504	10315
1504	10318
1504	10320
1503	10323
1503	10326
1503	10329
1503	10331
1503	10334
1502	10336
1502	10338
1502	10341
1502	10343
1502	10346
1502	10348
1502	10351
1502	10353
1502	10356
1503	10358
1503	10360
1503	10363
1504	10365
1503	10369
1503	10371
1504	10374
1504	10376
1504	10379
1504	10381
1503	10383
1503	10386
1503	10388
1503	10391
1503	10393
1503	10396
1503	10398
1502	10401
1502	10403
1502	10405
1502	10408
1502	10411
1502	10414
1502	10416
1502	10419
1502	10421
1502	10423
1502	10426
1502	10428
1502	10431
1502	10433
1502	10436
1501	10438
1502	10441
1502	10443
1502	10445
1502	10448
1502	10450
1501	10454
1502	10456
1502	10459
1502	10461
1502	10464
1501	10466
1501	10468
1501	10471
1502	10473
1502	10476
1502	10478
1502	10481
1502	10483
1502	10486
1501	10488
1501	10490
1502	10493
1502	10496
1502	10499
1502	10501
1501	10504
1502	10506
1502	10509
1502	10511
1502	10513
1502	10516
1501	10518
1502	10521
1502	10523
1502	10526
1502	10528
1502	10531
1502	10533
1502	10535
1502	10539
1502	10541
1502	10544
1502	10546
1502	10549
1502	10551
1502	10554
1502	10556
1502	10558
1502	10561
1502	10563
1503	10566
1502	10568
1502	10571
1502	10573
1502	10576
1502	10578
1502	10580
1502	10584
1502	10586
1502	10589
1502	10591
1502	10594
1502	10596
1502	10599
1501	10601
1501	10603
1501	10606
1502	10608
1502	10611
1502	10613
1501	10616
1501	10618
1501	10621
1501	10624
1502	10626
1502	10629
1502	10631
1501	10634
1501	10636
1501	10639
1501	10641
1501	10644
1501	10646
1501	10648
1501	10651
1501	10653
1501	10656
1501	10658
1501	10661
1501	10663
1501	10667
1501	10669
1501	10671
1501	10674
1501	10676
1501	10679
1501	10681
1501	10684
1501	10686
1501	10689
1501	10691
1502	10693
1501	10696
1501	10698
1501	10701
1501	10703
1501	10706
1501	10708
1501	10712
1501	10714
1501	10716
1500	10719
1500	10721
1500	10724
1500	10726
1500	10729
1500	10731
1500	10734
1500	10736
1500	10738
1500	10741
1500	10743
1500	10746
1500	10748
1500	10752
1500	10754
1500	10757
1500	10759
1500	10761
1500	10764
1500	10766
1500	10769
1500	10771
1500	10774
1500	10776
1500	10779
1500	10781
1500	10783
1500	10786
1500	10788
1500	10791
1501	10793
1501	10797
1501	10799
1501	10802
1501	10804
1501	10807
1501	10809
1501	10811
1501	10814
1501	10816
1501	10819
1501	10821
1501	10824
1501	10826
1501	10829
1501	10831
1501	10833
1501	10836
1501	10839
1501	10842
1501	10844
1501	10847
1502	10849
1502	10851
1502	10854
1502	10856
1503	10859
1503	10861
1503	10864
1503	10866
1503	10869
1503	10871
1503	10873
1504	10876
1504	10878
1504	10882
1503	10884
1504	10887
1504	10889
1504	10892
1504	10894
1503	10896
1503	10899
1503	10901
1503	10904
1503	10906
1503	10909
1503	10911
1503	10914
1503	10916
1503	10918
1502	10921
1503	10924
1503	10927
1503	10929
1503	10932
1503	10934
1503	10937
1503	10939
1503	10941
1503	10944
1503	10946
1503	10949
1503	10951
1502	10954
1502	10956
1502	10959
1503	10961
1502	10963
1502	10967
1502	10969
1502	10972
1502	10974
1502	10977
1502	10979
1502	10982
1502	10984
1502	10986
1502	10989
1502	10991
1502	10994
1502	10996
1501	10999
1501	11001
1501	11004
1501	11006
1501	11009
1501	11012
1501	11014
1501	11017
1501	11019
1500	11022
1500	11024
1500	11027
1501	11029
1500	11032
1500	11034
1500	11036
1500	11039
1500	11041
1500	11044
1500	11046
1500	11049
1500	11052
1500	11055
1500	11057
1500	11059
1500	11062
1500	11064
1500	11067
1500	11069
1500	11072
1500	11074
1500	11077
1500	11079
1500	11081
1500	11084
1500	11086
1500	11089
1500	11091
1500	11095
1500	11097
1500	11100
1500	11102
1500	11104
1500	11107
1500	11109
1500	11112
1500	11114
1500	11117
1500	11119
1500	11122
1500	11124
1500	11126
1500	11129
1500	11131
1500	11134
1500	11137
1500	11140
1500	11142
1500	11145
1500	11147
1501	11149
1500	11152
1500	11154
1501	11157
1501	11159
1501	11162
1501	11164
1501	11167
1501	11169
1501	11171
1501	11174
1502	11176
1502	11180
1501	11182
1501	11185
1501	11187
1501	11190
1501	11192
1502	11194
1502	11197
1502	11199
1501	11202
1501	11204
1502	11207
1502	11209
1502	11212
1502	11214
1501	11216
1501	11219
1501	11222
1501	11225
1500	11227
1501	11230
1500	11232
1500	11235
1500	11237
1500	11239
1500	11242
1501	11244
1501	11247
1500	11249
1500	11252
1500	11254
1501	11257
1501	11259
1501	11261
1500	11265
1500	11267
1500	11270
1500	11272
1501	11275
1501	11277
1501	11280
1501	11282
1501	11285
1501	11287
1502	11289
1502	11292
1502	11294
1502	11297
1502	11299
1501	11302
1501	11304
1501	11307
1501	11310
1501	11312
1501	11315
1501	11317
1501	11320
1501	11322
1501	11325
1501	11327
1501	11330
1500	11332
1500	11334
1500	11337
1501	11339
1501	11342
1502	11344
1502	11347
1502	11350
1502	11353
1502	11355
1503	11357
1503	11360
1503	11362
1503	11365
1503	11367
1503	11370
1503	11372
1503	11375
1503	11377
1503	11379
1502	11382
1502	11384
1502	11387
1502	11389
1502	11393
1502	11395
1502	11398
1501	11400
1501	11402
1501	11405
1501	11407
1501	11410
1501	11412
1501	11415
1501	11417
1501	11420
1501	11422
1501	11424
1501	11427
1501	11429
1501	11432
1501	11435
1501	11438
1501	11440
1501	11443
1501	11445
1501	11447
1501	11450
1501	11452
1500	11455
1501	11457
1501	11460
1501	11462
1501	11465
1500	11467
1500	11469
1500	11472
1500	11474
1500	11478
1500	11480
1500	11483
1500	11485
1500	11488
1500	11490
1500	11492
1500	11495
1500	11497
1500	11500
1500	11502
1500	11505
1500	11507
1500	11510
1500	11512
1500	11515
1500	11517
1500	11520
1500	11523
1500	11525
1500	11528
1500	11530
1500	11533
1500	11535
1499	11538
1500	11540
1500	11542
1500	11545
1500	11547
1499	11550
1499	11552
1499	11555
1499	11557
1499	11560
1500	11563
1499	11565
1499	11568
1499	11570
1499	11573
1499	11575
1500	11578
1500	11580
1500	11583
1500	11585
1500	11587
1500	11590
1500	11592
1500	11595
1500	11597
1500	11600
1500	11602
1500	11606
1500	11608
1500	11610
1500	11613
1500	11615
1500	11618
1500	11620
1500	11623
1500	11625
1500	11628
1500	11630
1500	11632
1499	11635
1499	11637
1499	11640
1499	11642
1499	11645
1499	11648
1499	11651
1499	11653
1499	11655
1499	11658
1499	11660
1498	11663
1498	11665
1498	11668
1498	11670
1498	11673
1498	11675
1498	11677
1498	11680
1497	11682
1497	11685
1497	11687
1497	11691
1497	11693
1497	11696
1497	11698
1497	11700
1497	11703
1497	11705
1497	11708
1496	11710
1496	11713
1496	11715
1496	11718
1496	11720
1496	11722
1496	11725
1496	11727
1496	11730
1496	11732
1496	11736
1496	11738
1496	11741
1496	11743
1496	11745
1496	11748
1496	11750
1496	11753
1496	11755
1496	11758
1496	11760
1495	11763
1495	11765
1495	11767
1495	11770
1496	11772
1496	11776
1496	11778
1496	11781
1496	11783
1496	11786
1496	11788
1496	11790
1496	11793
1496	11795
1496	11798
1496	11800
1496	11803
1496	11805
1496	11808
1497	11810
1497	11812
1497	11815
1497	11817
1497	11821
1497	11823
1497	11826
1498	11828
1498	11831
1498	11833
1498	11835
1499	11838
1499	11840
1500	11843
1500	11845
1500	11848
1500	11850
1500	11853
1500	11855
1500	11857
1500	11860
1500	11863
1500	11866
1500	11868
1500	11871
1500	11873
1500	11876
1500	11878
1501	11880
1501	11883
1500	11885
1501	11888
1501	11890
1501	11893
1501	11895
1501	11898
1501	11900
1500	11904
