Device found. I2C connections are good.
1517	2
1516	5
1514	7
1513	9
1513	11
1515	14
1516	16
1517	18
1516	20
1515	23
1514	25
1514	27
1515	30
1517	32
1518	34
1517	36
1516	39
1514	41
1514	44
1515	47
1517	49
1517	51
1517	53
1515	56
1513	58
1513	60
1514	63
1515	65
1516	67
1516	70
1515	72
1513	74
1512	76
1513	79
1515	81
1516	83
1516	87
1514	89
1513	91
1512	93
1513	96
1515	98
1516	100
1515	103
1514	105
1513	107
1512	110
1513	112
1514	114
1516	117
1516	119
1514	121
1513	124
1512	126
1513	129
1514	132
1515	134
1515	136
1514	139
1512	141
1512	144
1513	146
1514	148
1515	151
1515	153
1514	155
1513	158
1512	160
1513	162
1515	165
1516	167
1515	169
1514	173
1513	175
1512	177
1513	180
1515	182
1516	184
1516	187
1515	189
1514	191
1514	194
1515	196
1517	198
1518	201
1517	203
1516	205
1514	208
1514	210
1515	214
1516	216
1517	218
1516	221
1514	223
1513	225
1513	228
1514	230
1515	232
1516	235
1516	237
1514	239
1513	242
1512	244
1513	246
1515	249
1515	251
1515	253
1513	257
1512	259
1512	261
1513	264
1514	266
1515	268
1514	271
1513	273
1512	275
1512	278
1513	280
1515	283
1516	285
1515	287
1513	290
1512	292
1512	294
1514	297
1515	300
1516	302
1515	305
1514	307
1513	309
1513	312
1514	314
1516	316
1516	319
1516	321
1514	323
1513	326
1513	328
1514	330
1516	333
1516	335
1515	337
1513	340
1512	343
1513	345
1515	348
1516	350
1516	353
1515	355
1514	357
1513	360
1513	362
1514	364
1516	367
1516	369
1515	371
1513	374
1513	376
1513	378
1515	381
1516	384
1516	386
1515	389
1513	391
1512	393
1513	396
1514	398
1516	400
1516	403
1515	405
1513	407
1512	410
1513	412
1515	414
1516	417
1516	419
1515	422
1513	424
1512	427
1513	430
1514	432
1516	434
1516	437
1515	439
1513	441
1512	444
1513	446
1515	448
1516	451
1516	453
1515	455
1513	458
1512	460
1513	462
1515	465
1516	467
1516	470
1514	473
1513	475
1512	477
1513	480
1514	482
1515	484
1515	487
1514	489
1512	492
1512	494
1513	496
1514	499
1515	501
1515	503
1513	506
1512	508
1512	510
1513	514
1514	516
1515	518
1515	521
1514	523
1512	525
1512	528
1512	530
1514	532
1516	535
1515	537
1514	539
1512	542
1512	544
1513	546
1515	549
1516	551
1516	553
1514	557
1513	559
1512	561
1513	564
1515	566
1516	569
1516	571
1514	573
1513	576
1513	578
1514	580
1516	583
1517	585
1516	587
1515	590
1514	592
1513	594
1515	598
1516	600
1517	602
1516	605
1515	607
1514	609
1513	612
1514	614
1516	616
1517	619
1517	621
1515	623
1513	626
1514	628
1515	630
1516	633
1517	635
1516	638
1515	641
1513	643
1513	646
1514	648
1516	650
1517	653
1516	655
1514	657
1513	660
1513	662
1515	664
1516	667
1517	669
1515	671
1514	674
1513	676
1513	678
1515	681
1516	684
1516	686
1515	689
1514	691
1513	693
1513	696
1514	698
1516	700
1517	703
1515	705
1513	708
1513	710
1513	712
1515	715
1516	717
1517	719
1515	722
1514	724
1514	727
1514	730
1516	732
1518	734
1518	737
1518	739
1516	741
1515	744
1516	746
1518	748
1519	751
1519	753
1518	755
1516	758
1515	760
1516	762
1517	765
1519	768
1519	770
1518	773
1515	775
1515	777
1515	780
1516	782
1518	785
1518	787
1517	789
1515	792
1514	794
1515	796
1517	799
1518	801
1518	803
1516	806
1515	808
1514	811
1515	814
1516	816
1517	818
1518	821
1516	823
1514	825
1514	828
1515	830
1516	832
1517	835
1517	837
1515	839
1514	842
1513	844
1514	846
1515	849
1517	851
1516	855
1515	857
1513	859
1513	862
1514	864
1516	866
1517	869
1517	871
1515	873
1513	876
1513	878
1514	880
1516	883
1517	885
1516	887
1515	890
1513	892
1513	894
1514	898
1516	900
1517	902
1516	905
1515	907
1513	909
1513	912
1514	914
1516	916
1517	919
1517	921
1515	924
1514	926
1513	928
1515	931
1516	933
1517	935
1517	939
1515	941
1514	943
1514	946
1515	948
1517	950
1517	953
1517	955
1515	957
1514	960
1514	962
1515	964
1517	967
1518	969
1517	971
1515	974
1514	976
1514	978
1515	982
1517	984
1518	986
1518	989
1516	991
1515	993
1515	996
1516	998
1518	1001
1518	1003
1517	1005
1515	1008
1514	1010
1515	1013
1516	1015
1518	1017
1518	1020
1517	1022
1515	1025
1515	1028
1515	1030
1517	1033
1518	1035
1518	1037
1517	1040
1515	1042
1515	1045
1516	1047
1518	1049
1519	1052
1518	1054
1517	1057
1515	1059
1515	1061
1516	1064
1518	1067
1519	1070
1518	1072
1517	1074
1515	1077
1515	1079
1517	1082
1518	1084
1519	1086
1518	1089
1516	1091
1515	1093
1515	1096
1517	1098
1518	1101
1519	1103
1517	1105
1516	1108
1515	1111
1515	1114
1517	1116
1518	1118
1518	1121
1517	1123
1515	1126
1514	1128
1515	1130
1516	1133
1517	1135
1517	1138
1516	1140
1514	1142
1513	1145
1514	1147
1516	1150
1517	1153
1516	1155
1515	1158
1513	1160
1513	1163
1514	1165
1516	1167
1516	1170
1516	1172
1514	1174
1513	1177
1512	1179
1514	1182
1515	1184
1516	1186
1515	1189
1513	1191
1512	1195
1512	1197
1514	1199
1516	1202
1516	1204
1514	1207
1512	1209
1512	1211
1512	1214
1514	1216
1515	1219
1515	1221
1513	1223
1512	1226
1511	1228
1512	1231
1514	1233
1515	1235
1515	1239
1513	1241
1511	1244
1511	1246
1512	1248
1514	1251
1515	1253
1514	1255
1512	1258
1511	1260
1511	1263
1513	1265
1515	1267
1516	1270
1515	1272
1514	1275
1513	1277
1513	1280
1515	1283
1516	1285
1517	1288
1516	1290
1514	1292
1513	1295
1514	1297
1516	1300
1517	1302
1517	1304
1515	1307
1513	1309
1513	1312
1513	1314
1515	1316
1516	1319
1516	1321
1514	1325
1512	1327
1512	1329
1513	1332
1514	1334
1515	1336
1514	1339
1512	1341
1511	1344
1511	1346
1512	1348
1514	1351
1515	1353
1513	1356
1512	1358
1511	1360
1511	1363
1513	1366
1514	1369
1515	1371
1513	1373
1512	1376
1511	1378
1511	1381
1513	1383
1514	1385
1514	1388
1513	1390
1511	1393
1511	1395
1512	1397
1514	1400
1515	1402
1515	1405
1513	1408
1512	1410
1512	1413
1513	1415
1515	1417
1516	1420
1515	1422
1513	1425
1512	1427
1512	1429
1513	1432
1515	1434
1516	1437
1515	1439
1513	1441
1512	1444
1512	1446
1514	1449
1515	1452
1516	1454
1514	1457
1513	1459
1512	1462
1512	1464
1514	1466
1515	1469
1516	1471
1514	1474
1513	1476
1512	1478
1512	1481
1514	1483
1515	1486
1515	1488
1514	1490
1512	1494
1512	1496
1513	1499
1515	1501
1515	1503
1515	1506
1513	1508
1512	1510
1512	1513
1513	1515
1515	1518
1516	1520
1515	1522
1513	1525
1512	1527
1513	1530
1514	1532
1516	1534
1516	1538
1515	1540
1513	1543
1512	1545
1513	1547
1514	1550
1516	1552
1516	1555
1515	1557
1513	1559
1512	1562
1513	1564
1515	1567
1517	1569
1517	1571
1515	1574
1514	1576
1513	1580
1514	1582
1516	1584
1517	1587
1517	1589
1515	1591
1514	1594
1514	1596
1515	1599
1517	1601
1518	1603
1517	1606
1515	1608
1514	1611
1514	1613
1516	1615
1518	1618
1518	1620
1518	1624
1516	1626
1515	1628
1515	1631
1517	1633
1518	1636
1518	1638
1517	1640
1515	1643
1515	1645
1515	1648
1517	1650
1518	1652
1518	1655
1516	1657
1515	1660
1514	1662
1515	1665
1517	1668
1518	1670
1518	1672
1516	1675
1514	1677
1514	1680
1515	1682
1517	1684
1517	1687
1517	1689
1515	1692
1514	1694
1514	1696
1515	1699
1517	1701
1517	1704
1516	1707
1515	1709
1514	1712
1514	1714
1515	1717
1517	1719
1517	1721
1516	1724
1514	1726
1513	1729
1514	1731
1516	1733
1517	1736
1517	1738
1516	1741
1514	1743
1513	1745
1514	1748
1516	1751
1517	1754
1517	1756
1515	1758
1514	1761
1514	1763
1515	1765
1517	1768
1517	1770
1517	1773
1515	1775
1513	1777
1513	1780
1515	1782
1516	1785
1517	1787
1516	1789
1514	1793
1513	1795
1514	1798
1516	1800
1517	1802
1518	1805
1517	1807
1515	1810
1515	1812
1515	1814
1517	1817
1518	1819
1518	1822
1517	1824
1515	1826
1515	1829
1516	1831
1517	1835
1518	1837
1518	1839
1516	1842
1515	1844
1514	1846
1515	1849
1516	1851
1518	1854
1517	1856
1515	1858
1514	1861
1514	1863
1515	1866
1517	1868
1518	1870
1517	1873
1515	1875
1514	1879
1515	1881
1516	1883
1518	1886
1518	1888
1517	1891
1515	1893
1514	1895
1514	1898
1516	1900
1518	1903
1518	1905
1516	1907
1514	1910
1514	1912
1514	1915
1516	1917
1517	1920
1517	1923
1516	1925
1514	1927
1513	1930
1515	1932
1516	1935
1517	1937
1517	1939
1515	1942
1514	1944
1514	1947
1515	1949
1516	1951
1518	1954
1517	1956
1515	1959
1513	1961
1514	1964
1515	1967
1517	1969
1517	1972
1516	1974
1514	1976
1513	1979
1514	1981
1516	1984
1517	1986
1517	1988
1516	1991
1514	1993
1513	1996
1514	1998
1516	2000
1517	2003
1517	2006
1516	2008
1514	2011
1514	2013
1515	2016
1516	2018
1518	2020
1517	2023
1516	2025
1514	2028
1514	2030
1516	2032
1517	2035
1518	2037
1517	2040
1516	2042
1515	2044
1515	2048
1516	2050
1518	2053
1519	2055
1517	2057
1516	2060
1515	2062
1515	2065
1517	2067
1518	2069
1518	2072
1517	2074
1515	2077
1514	2079
1514	2081
1516	2084
1518	2086
1518	2088
1516	2092
1514	2094
1514	2097
1514	2099
1517	2101
1518	2104
1517	2106
1516	2109
1514	2111
1514	2113
1515	2116
1517	2118
1518	2121
1517	2123
1515	2125
1514	2128
1514	2130
1516	2134
1517	2136
1518	2138
1517	2141
1515	2143
1514	2146
1514	2148
1516	2150
1517	2153
1517	2155
1516	2158
1514	2160
1513	2162
1514	2165
1516	2167
1517	2169
1517	2172
1516	2174
1514	2178
1513	2180
1514	2182
1516	2185
1518	2187
1517	2190
1515	2192
1513	2194
1513	2197
1514	2199
1516	2202
1517	2204
1517	2206
1515	2209
1513	2211
1513	2214
1515	2216
1516	2219
1517	2222
1516	2224
1515	2227
1513	2229
1513	2231
1515	2234
1517	2236
1517	2239
1516	2241
1514	2243
1513	2246
1513	2248
1515	2250
1516	2253
1517	2255
1515	2258
1513	2260
1513	2263
1514	2266
1516	2268
1517	2271
1517	2273
1515	2275
1513	2278
1513	2280
1514	2283
1516	2285
1517	2287
1516	2290
1515	2292
1513	2295
1513	2297
1514	2299
1516	2302
1517	2305
1516	2308
1514	2310
1513	2312
1513	2315
1515	2317
1516	2320
1517	2322
1515	2324
1513	2327
1512	2329
1513	2331
1515	2334
1517	2336
1517	2339
1516	2341
1515	2343
1514	2347
1515	2349
1517	2352
1518	2354
1518	2356
1517	2359
1515	2361
1515	2364
1516	2366
1518	2368
1518	2371
1518	2373
1516	2376
1514	2378
1514	2380
1515	2383
1517	2385
1518	2388
1518	2391
1515	2393
1514	2396
1514	2398
1515	2401
1517	2403
1518	2405
1517	2408
1515	2410
1514	2412
1514	2415
1515	2417
1517	2420
1517	2422
1516	2424
1514	2427
1513	2429
1513	2433
1515	2435
1516	2437
1516	2440
1515	2442
1513	2445
1513	2447
1513	2449
1515	2452
1516	2454
1516	2457
1514	2459
1513	2461
1513	2464
1514	2466
1516	2469
1517	2471
1516	2473
1513	2477
1509	2479
1508	2482
1507	2484
1508	2486
1508	2489
1507	2491
1507	2494
1507	2496
1508	2498
1510	2501
1512	2503
1513	2505
1513	2508
1512	2510
1512	2513
1514	2515
1516	2518
1518	2521
1518	2523
1516	2526
1514	2528
1512	2530
1511	2533
1510	2535
1509	2538
1509	2540
1508	2542
1509	2545
1511	2547
1514	2550
1517	2552
1519	2554
1519	2557
1517	2560
1515	2563
1515	2565
1515	2567
1516	2570
1517	2572
1518	2575
1517	2577
1516	2579
1517	2582
1519	2584
1521	2586
1521	2589
1519	2591
1518	2594
1516	2596
1515	2598
1516	2601
1517	2604
1517	2607
1516	2609
1515	2611
1514	2614
1515	2616
1517	2619
1519	2621
1518	2623
1517	2626
1515	2628
1514	2631
1514	2633
1514	2635
1514	2638
1514	2640
1513	2643
1512	2646
1513	2648
1515	2651
1516	2653
1518	2656
1517	2658
1517	2660
1516	2663
1517	2665
1518	2668
1518	2670
1519	2672
1518	2675
1517	2677
1517	2679
1517	2682
1518	2684
1518	2688
1518	2690
1517	2692
1516	2695
1516	2697
1517	2700
1518	2702
1518	2704
1517	2707
1516	2709
1514	2712
1514	2714
1515	2716
1516	2719
1516	2721
1516	2724
1515	2726
1515	2728
1515	2732
1515	2734
1513	2737
1512	2739
1511	2741
1510	2744
1511	2746
1510	2749
1508	2751
1507	2753
1507	2756
1507	2758
1506	2760
1506	2763
1506	2765
1507	2768
1509	2770
1511	2772
1509	2776
1508	2778
1508	2781
1509	2783
1511	2785
1513	2788
1513	2790
1512	2793
1511	2795
1509	2797
1508	2800
1508	2802
1508	2805
1510	2807
1510	2809
1511	2812
1512	2814
1512	2818
1512	2820
1512	2822
1513	2825
1513	2827
1513	2830
1513	2832
1514	2834
1513	2837
1513	2839
1513	2841
1513	2844
1514	2846
1514	2849
1513	2851
1512	2853
1510	2856
1506	2859
1503	2862
1503	2864
1505	2866
1508	2869
1510	2871
1512	2874
1512	2876
1512	2878
1512	2881
1512	2883
1511	2886
1507	2888
1505	2890
1504	2893
1505	2895
1508	2898
1510	2900
1510	2903
1509	2906
1506	2908
1503	2911
1502	2913
1504	2915
1508	2918
1511	2920
1512	2922
1511	2925
1510	2927
1509	2930
1510	2932
1512	2934
1513	2937
1510	2939
1501	2942
1495	2945
1493	2947
1496	2950
1502	2952
1507	2955
1509	2957
1509	2959
1508	2962
1509	2964
1511	2967
1515	2969
1518	2971
1519	2974
1517	2976
1514	2979
1511	2981
1510	2983
1510	2987
1510	2989
1510	2992
1508	2994
1509	2996
1510	2999
1508	3001
1506	3003
1502	3006
1497	3008
1496	3011
1495	3013
1496	3015
1497	3018
1499	3020
1500	3023
1499	3025
1497	3027
1496	3031
1497	3033
1500	3036
1502	3038
1503	3040
1503	3043
1503	3045
1505	3048
1509	3050
1512	3052
1510	3055
1507	3057
1505	3060
1506	3062
1506	3064
1509	3067
1512	3069
1512	3073
1512	3075
1503	3077
1492	3080
1486	3082
1488	3084
1494	3087
1498	3089
1500	3092
1501	3094
1503	3096
1507	3099
1512	3101
1514	3104
1516	3106
1515	3108
1514	3111
1513	3113
1511	3117
1510	3119
1507	3121
1504	3124
1503	3126
1503	3129
1500	3131
1494	3133
1492	3136
1496	3138
1494	3141
1486	3143
1475	3145
1466	3148
1462	3150
1466	3153
1472	3155
1476	3158
1483	3161
1488	3163
1480	3165
1471	3168
1464	3170
1469	3173
1474	3175
1485	3177
1492	3180
1495	3182
1498	3185
1501	3187
1509	3189
1512	3192
1512	3194
1511	3197
1512	3200
1500	3202
1491	3205
1487	3207
1491	3210
1496	3212
1506	3214
1514	3217
1513	3219
1501	3222
1485	3224
1477	3226
1475	3229
1476	3231
1478	3234
1482	3236
1489	3238
1500	3241
1504	3244
1510	3247
1515	3249
1521	3251
1525	3254
1527	3256
1529	3258
1530	3261
1530	3263
1526	3266
1527	3268
1531	3270
1537	3273
1538	3275
1526	3278
1513	3280
1512	3282
1519	3286
1532	3288
1543	3291
1548	3293
1550	3295
1552	3298
1541	3300
1533	3303
1535	3305
1542	3307
1546	3310
1545	3312
1545	3315
1551	3317
1547	3319
1548	3322
1552	3324
1558	3326
1563	3330
1565	3332
1559	3335
1547	3337
1529	3339
1515	3342
1510	3344
1487	3347
1476	3349
1483	3351
1507	3354
1522	3356
1529	3359
1535	3361
1547	3363
1557	3366
1559	3368
1558	3372
1560	3374
1562	3376
1566	3379
1563	3381
1561	3384
1552	3386
1534	3388
1521	3391
1523	3393
1534	3396
1536	3398
1526	3400
1518	3403
1505	3405
1500	3407
1493	3410
1493	3412
1500	3416
1502	3418
1505	3420
1510	3423
1514	3425
1523	3428
1529	3430
1534	3432
1529	3435
1513	3437
1504	3440
1495	3442
1473	3444
1472	3447
1489	3449
1513	3452
1527	3454
1528	3457
1527	3460
1516	3462
1509	3465
1512	3467
1524	3469
1529	3472
1531	3474
1535	3477
1541	3479
1542	3481
1539	3484
1547	3486
1533	3488
1526	3491
1520	3493
1514	3496
1513	3499
1520	3501
1529	3504
1525	3506
1529	3509
1542	3511
1554	3513
1557	3516
1541	3518
1515	3521
1509	3523
1513	3525
1522	3528
1519	3530
1510	3533
1491	3535
1479	3537
1479	3540
1476	3543
1472	3546
1483	3548
1488	3550
1496	3553
1506	3555
1511	3558
1520	3560
1531	3562
1521	3565
1509	3567
1502	3569
1490	3572
1483	3574
1481	3577
1479	3579
1457	3581
1434	3585
1436	3587
1463	3590
1495	3592
1516	3594
1512	3597
1501	3599
1501	3602
1511	3604
1530	3606
1522	3609
1504	3611
1510	3614
1533	3616
1530	3618
1496	3621
1473	3623
1476	3627
1489	3629
1481	3631
1478	3634
1487	3636
1499	3639
1508	3641
1526	3643
1538	3646
1521	3648
1517	3650
1512	3653
1524	3655
1529	3658
1535	3660
1534	3662
1502	3665
1492	3667
1481	3671
1500	3673
1520	3675
1527	3678
1530	3680
1513	3683
1497	3685
1482	3687
1426	3690
1413	3692
1431	3695
1464	3697
1497	3699
1520	3702
1531	3704
1541	3707
1552	3709
1544	3712
1513	3715
1455	3717
1403	3720
1432	3722
1475	3724
1521	3727
1533	3729
1541	3731
1555	3734
1567	3736
1543	3739
1512	3741
1499	3743
1511	3746
1511	3748
1508	3751
1517	3753
1495	3756
1483	3759
1482	3761
1492	3764
1508	3766
1525	3768
1531	3771
1520	3773
1519	3776
1525	3778
1515	3780
1492	3783
1505	3785
1515	3788
1500	3790
1482	3792
1468	3795
1468	3798
1483	3801
1495	3803
1507	3805
1508	3808
1521	3810
1526	3812
1528	3815
1487	3817
1476	3820
1496	3822
1509	3824
1520	3827
1538	3829
1535	3832
1524	3834
1528	3836
1523	3840
1494	3842
1472	3845
1494	3847
1535	3849
1546	3852
1541	3854
1529	3857
1530	3859
1537	3861
1540	3864
1523	3866
1522	3869
1541	3871
1569	3873
1562	3876
1566	3878
1577	3881
1578	3884
1564	3886
1571	3889
1569	3891
1543	3893
1526	3896
1538	3898
1562	3901
1578	3903
1567	3905
1519	3908
1508	3910
1526	3913
1534	3915
1521	3917
1534	3920
1559	3922
1572	3926
1527	3928
1469	3930
1466	3933
1508	3935
1532	3938
1547	3940
1565	3942
1587	3945
1581	3947
1566	3950
1544	3952
1534	3954
1546	3957
1527	3959
1487	3962
1489	3964
1537	3966
1555	3970
1516	3972
1507	3974
1538	3977
1556	3979
1546	3982
1498	3984
1490	3986
1499	3989
1521	3991
1492	3994
1486	3996
1496	3998
1511	4001
1530	4003
1534	4006
1514	4008
1483	4011
1478	4014
1503	4016
1538	4019
1562	4021
1575	4023
1567	4026
1553	4028
1533	4031
1520	4033
1531	4035
1540	4038
1526	4040
1509	4043
1516	4045
1540	4047
1513	4050
1476	4052
1463	4055
1480	4058
1484	4060
1487	4063
1489	4065
1505	4067
1526	4070
1532	4072
1497	4075
1456	4077
1471	4079
1518	4082
1536	4084
1511	4087
1514	4089
1540	4091
1547	4094
1519	4097
1511	4100
1517	4102
1487	4104
1449	4107
1430	4109
1459	4112
1513	4114
1540	4116
1545	4119
1550	4121
1556	4124
1566	4126
1550	4128
1498	4131
1481	4133
1450	4135
1450	4139
1488	4141
1513	4144
1535	4146
1532	4148
1525	4151
1528	4153
1537	4156
1550	4158
1558	4160
1523	4163
1443	4165
1441	4168
1473	4170
1492	4172
1495	4175
1524	4177
1547	4180
1565	4183
1544	4185
1524	4188
1509	4190
1497	4193
1451	4195
1443	4197
1474	4200
1526	4202
1553	4205
1552	4207
1560	4209
1563	4212
1549	4214
1508	4217
1461	4219
1459	4221
1459	4225
1476	4227
1512	4229
1538	4232
1543	4234
1546	4237
1509	4239
1491	4241
1511	4244
1540	4246
1529	4249
1509	4251
1495	4253
1478	4256
1495	4258
1526	4261
1527	4263
1493	4265
1485	4269
1505	4271
1529	4274
1503	4276
1495	4278
1514	4281
1529	4283
1515	4286
1505	4288
1516	4290
1534	4293
1541	4295
1519	4298
1495	4300
1511	4302
1537	4305
1539	4307
1521	4310
1503	4313
1507	4315
1522	4318
1472	4320
1458	4322
1484	4325
1500	4327
1508	4330
1512	4332
1498	4334
1496	4337
1524	4339
1549	4342
1537	4344
1498	4346
1481	4349
1478	4352
1478	4355
1484	4357
1472	4359
1460	4362
1485	4364
1534	4367
1523	4369
1501	4371
1493	4374
1519	4376
1548	4379
1523	4381
1468	4383
1465	4386
1505	4388
1535	4390
1545	4393
1532	4396
1510	4399
1489	4401
1508	4403
1527	4406
1497	4408
1465	4411
1472	4413
1515	4415
1534	4418
1526	4420
1516	4423
1520	4425
1519	4427
1524	4430
1517	4432
1505	4435
1500	4438
1521	4440
1543	4443
1557	4445
1562	4448
1530	4450
1517	4452
1526	4455
1553	4457
1521	4460
1490	4462
1462	4464
1456	4467
1475	4469
1491	4471
1512	4474
1521	4476
1503	4480
1490	4482
1475	4484
1479	4487
1483	4489
1494	4492
1515	4494
1544	4496
1543	4499
1487	4501
1490	4504
1540	4506
1571	4508
1585	4511
1561	4513
1488	4516
1470	4518
1501	4520
1521	4524
1510	4526
1481	4529
1497	4531
1531	4533
1553	4536
1568	4538
1563	4541
1529	4543
1516	4545
1501	4548
1495	4550
1496	4552
1473	4555
1454	4557
1478	4560
1500	4562
1500	4564
1475	4568
1478	4570
1506	4573
1522	4575
1537	4577
1529	4580
1491	4582
1474	4585
1508	4587
1528	4589
1540	4592
1546	4594
1549	4597
1528	4599
1462	4601
1441	4604
1474	4606
1499	4610
1534	4612
1554	4614
1533	4617
1531	4619
1547	4622
1563	4624
1566	4626
1510	4629
1426	4631
1437	4633
1477	4636
1514	4638
1528	4641
1545	4643
1557	4645
1571	4648
1572	4651
1554	4654
1499	4656
1450	4658
1440	4661
1463	4663
1504	4666
1511	4668
1517	4670
1529	4673
1552	4675
1553	4678
1547	4680
1540	4682
1517	4685
1500	4687
1491	4690
1496	4692
1498	4695
1466	4698
1467	4700
1500	4703
1546	4705
1566	4707
1541	4710
1518	4712
1520	4714
1492	4717
1469	4719
1470	4722
1488	4724
1494	4726
1506	4729
1523	4731
1545	4734
1537	4737
1511	4739
1485	4742
1502	4744
1529	4747
1538	4749
1498	4751
1476	4754
1488	4756
1499	4759
1516	4761
1524	4763
1509	4766
1516	4768
1539	4771
1545	4773
1501	4775
1489	4779
1511	4781
1525	4784
1531	4786
1529	4788
1524	4791
1513	4793
1523	4796
1528	4798
1510	4800
1499	4803
1473	4805
1466	4807
1480	4810
1502	4812
1534	4815
1567	4817
1550	4819
1512	4823
1506	4825
1534	4828
1515	4830
1466	4832
1455	4835
1478	4837
1516	4840
1550	4842
1570	4844
1565	4847
1555	4849
1541	4852
1503	4854
1471	4856
1464	4859
1492	4861
1489	4865
1479	4867
1479	4869
1513	4872
1540	4874
1536	4877
1501	4879
1500	4881
1521	4884
1521	4886
1515	4888
1489	4891
1460	4893
1462	4896
1465	4898
1470	4900
1495	4903
1527	4905
1547	4909
1549	4911
1535	4913
1523	4916
1537	4918
1547	4921
1540	4923
1502	4925
1497	4928
1500	4930
1511	4933
1500	4935
1496	4937
1510	4940
1538	4942
1552	4945
1542	4947
1514	4950
1506	4953
1524	4955
1531	4958
1495	4960
1443	4962
1443	4965
1482	4967
1515	4969
1505	4972
1499	4974
1521	4977
1545	4979
1544	4981
1491	4984
1452	4986
1479	4989
1511	4992
1525	4994
1545	4997
1542	4999
1541	5002
1555	5004
1544	5006
1533	5009
1524	5011
1515	5014
1497	5016
1475	5018
1473	5021
1492	5023
1504	5026
1494	5028
1494	5030
1506	5033
1521	5036
1527	5039
1529	5041
1482	5043
1406	5046
1404	5048
1456	5050
1517	5053
1558	5055
1574	5058
1570	5060
1563	5062
1553	5065
1528	5067
1504	5070
1483	5072
1484	5074
1517	5078
1499	5080
1455	5083
1452	5085
1474	5087
1511	5090
1533	5092
1553	5095
1550	5097
1559	5099
1568	5102
1555	5104
1513	5107
1476	5109
1459	5111
1457	5114
1455	5116
1458	5120
1478	5122
1514	5124
1531	5127
1538	5129
1538	5131
1543	5134
1539	5136
1529	5139
1455	5141
1400	5143
1419	5146
1466	5148
1522	5151
1561	5153
1556	5155
1542	5158
1529	5160
1541	5164
1534	5166
1526	5168
1487	5171
1458	5173
1477	5176
1517	5178
1551	5180
1572	5183
1580	5185
1588	5188
1526	5190
1470	5192
1397	5195
1387	5197
1453	5200
1508	5202
1557	5204
1572	5208
1563	5210
1550	5212
1542	5215
1513	5217
1479	5220
1492	5222
1513	5224
1511	5227
1512	5229
1509	5232
1517	5234
1528	5236
1543	5239
1543	5241
1539	5244
1545	5246
1553	5249
1555	5252
1563	5254
1547	5257
1525	5259
1523	5261
1509	5264
1475	5266
1464	5269
1496	5271
1484	5273
1473	5276
1489	5278
1527	5281
1553	5283
1570	5285
1566	5288
1530	5291
1512	5293
1490	5296
1422	5298
1418	5301
1446	5303
1494	5305
1540	5308
1551	5310
1551	5313
1551	5315
1549	5317
1545	5320
1544	5322
1542	5325
1486	5327
1428	5329
1404	5332
1454	5335
1522	5338
1563	5340
1589	5342
1594	5345
1582	5347
1564	5350
1535	5352
1522	5354
1508	5357
1428	5359
1398	5362
1445	5364
1495	5366
1534	5369
1538	5371
1535	5373
1537	5377
1556	5379
1577	5382
1580	5384
1568	5386
1511	5389
1456	5391
1459	5394
1495	5396
1505	5398
1486	5401
1482	5403
1505	5406
1521	5408
1516	5410
1526	5413
1494	5415
1449	5419
1456	5421
1494	5423
1519	5426
1532	5428
1543	5431
1554	5433
1550	5435
1541	5438
1541	5440
1543	5443
1538	5445
1464	5447
1441	5450
1482	5452
1543	5454
1564	5457
1533	5459
1490	5463
1493	5465
1520	5467
1550	5470
1529	5472
1471	5475
1463	5477
1488	5479
1520	5482
1535	5484
1534	5487
1503	5489
1479	5491
1494	5494
1530	5496
1519	5499
1458	5501
1443	5504
1479	5507
1532	5509
1561	5512
1547	5514
1522	5516
1500	5519
1471	5521
1470	5524
1517	5526
1557	5528
1533	5531
1482	5533
1489	5535
1537	5538
1567	5540
1585	5543
1587	5545
1556	5548
1514	5551
1456	5553
1453	5556
1483	5558
1466	5560
1455	5563
1486	5565
1524	5568
1560	5570
1571	5572
1560	5575
1556	5577
1532	5580
1478	5582
1427	5584
1417	5587
1450	5590
1512	5593
1551	5595
1568	5597
1563	5600
1531	5602
1474	5605
1464	5607
1499	5609
1538	5612
1551	5614
1530	5617
1494	5619
1495	5621
1527	5624
1551	5626
1566	5628
1534	5632
1469	5634
1453	5637
1502	5639
1545	5641
1564	5644
1535	5646
1503	5649
1494	5651
1502	5653
1518	5656
1527	5658
1497	5661
1491	5663
1523	5665
1534	5668
1544	5670
1554	5673
1534	5676
1520	5678
1499	5681
1477	5683
1459	5686
1454	5688
1472	5690
1510	5693
1543	5695
1574	5697
1589	5700
1568	5702
1520	5705
1497	5707
1516	5709
1523	5712
1484	5714
1432	5718
1448	5720
1493	5722
1542	5725
1551	5727
1506	5730
1496	5732
1526	5734
1550	5737
1528	5739
1509	5742
1447	5744
1425	5746
1453	5749
1510	5751
1558	5754
1586	5756
1569	5758
1534	5762
1504	5764
1506	5767
1525	5769
1542	5771
1538	5774
1548	5776
1547	5779
1503	5781
1477	5783
1499	5786
1528	5788
1557	5790
1565	5793
1573	5795
1544	5798
1488	5800
1452	5803
1462	5806
1507	5808
1514	5811
1487	5813
1465	5815
1467	5818
1497	5820
1505	5823
1485	5825
1489	5827
1515	5830
1511	5832
1478	5835
1493	5837
1538	5839
1558	5842
1553	5844
1555	5848
1560	5850
1502	5852
1457	5855
1480	5857
1521	5859
1568	5862
1565	5864
1548	5867
1543	5869
1562	5871
1543	5874
1514	5876
1478	5879
1454	5881
1488	5883
1520	5886
1537	5889
1529	5892
1532	5894
1543	5896
1536	5899
1530	5901
1501	5904
1489	5906
1479	5908
1476	5911
1471	5913
1496	5916
1522	5918
1538	5920
1532	5923
1531	5925
1550	5928
1555	5931
1529	5933
1479	5936
1448	5938
1478	5940
1513	5943
1545	5945
1541	5948
1529	5950
1496	5952
1497	5955
1508	5957
1498	5960
1475	5962
1467	5964
1507	5967
1548	5969
1566	5972
1531	5975
1484	5977
1467	5980
1489	5982
1512	5985
1519	5987
1512	5989
1495	5992
1506	5994
1532	5997
1561	5999
1554	6001
1539	6004
1541	6006
1533	6009
1529	6011
1474	6013
1421	6017
1433	6019
1489	6021
1535	6024
1566	6026
1572	6029
1532	6031
1508	6033
1510	6036
1531	6038
1547	6041
1522	6043
1480	6045
1466	6048
1487	6050
1529	6053
1555	6055
1555	6057
1524	6061
1505	6063
1525	6066
1543	6068
1525	6070
1445	6073
1428	6075
1462	6078
1518	6080
1554	6082
1553	6085
1558	6087
1579	6090
1590	6092
1575	6094
1526	6097
1466	6099
1426	6102
1447	6105
1491	6107
1541	6110
1565	6112
1574	6114
1582	6117
1583	6119
1542	6122
1483	6124
1459	6126
1477	6129
1479	6131
1488	6134
1522	6136
1535	6138
1539	6141
1544	6144
1547	6147
1527	6149
1517	6151
1515	6154
1502	6156
1508	6159
1525	6161
1551	6163
1525	6166
1487	6168
1456	6171
1473	6173
1508	6175
1546	6178
1560	6180
1543	6182
1492	6185
1466	6188
1481	6191
1515	6193
1517	6195
1509	6198
1511	6200
1536	6203
1551	6205
1549	6207
1520	6210
1503	6212
1496	6215
1478	6217
1482	6219
1511	6222
1526	6224
1548	6227
1499	6230
1446	6232
1447	6235
1496	6237
1540	6240
1564	6242
1571	6244
1542	6247
1527	6249
1526	6252
1522	6254
1503	6256
1491	6259
1481	6261
1478	6264
1507	6266
1544	6268
1556	6272
1520	6274
1497	6276
1498	6279
1522	6281
1530	6284
1484	6286
1469	6288
1484	6291
1519	6293
1557	6296
1581	6298
1584	6300
1561	6303
1475	6305
1446	6308
1462	6310
1504	6312
1531	6316
1545	6318
1532	6321
1520	6323
1523	6325
1535	6328
1523	6330
1495	6333
1483	6335
1467	6337
1461	6340
1502	6342
1541	6345
1537	6347
1499	6349
1492	6352
1517	6354
1552	6356
1566	6360
1572	6362
1577	6365
1532	6367
1453	6369
1433	6372
1470	6374
1483	6377
1497	6379
1523	6381
1560	6384
1578	6386
1581	6389
1562	6391
1513	6393
1415	6396
1393	6398
1439	6402
1522	6404
1562	6406
1570	6409
1539	6411
1501	6414
1485	6416
1467	6418
1471	6421
1514	6423
1542	6426
1569	6428
1549	6430
1526	6433
1527	6435
1558	6438
1553	6440
1472	6443
1439	6446
1447	6448
1501	6450
1558	6453
1592	6455
1617	6458
1607	6460
1570	6462
1546	6465
1540	6467
1542	6470
1505	6472
1456	6474
1448	6477
1458	6479
1481	6482
1524	6484
1539	6487
1544	6490
1562	6492
1588	6495
1592	6497
1584	6499
1561	6502
1510	6504
1446	6507
1432	6509
1468	6511
1516	6514
1539	6516
1530	6519
1514	6521
1533	6523
1557	6526
1557	6529
1526	6532
1470	6534
1434	6536
1452	6539
1512	6541
1567	6543
1575	6546
1560	6548
1527	6551
1494	6553
1472	6555
1480	6558
1520	6560
1527	6563
1483	6565
1474	6567
1512	6571
1544	6573
1567	6576
1548	6578
1514	6580
1493	6583
1471	6585
1478	6588
1515	6590
1543	6592
1561	6595
1578	6597
1572	6600
1563	6602
1564	6604
1575	6607
1551	6609
1509	6612
1472	6615
1472	6617
1483	6620
1507	6622
1509	6624
1504	6627
1528	6629
1566	6632
1580	6634
1559	6636
1508	6639
1470	6641
1480	6644
1499	6646
1490	6648
1470	6651
1489	6653
1522	6657
1495	6659
1471	6661
1489	6664
1516	6666
1516	6669
1506	6671
1505	6673
1516	6676
1523	6678
1482	6681
1451	6683
1466	6685
1524	6688
1560	6690
1576	6693
1534	6695
1501	6697
1504	6701
1512	6703
1445	6705
1403	6708
1433	6710
1512	6713
1554	6715
1566	6717
1574	6720
1589	6722
1585	6725
1523	6727
1447	6729
1453	6732
1504	6734
1509	6737
1491	6739
1498	6742
1522	6745
1544	6747
1545	6750
1513	6752
1462	6754
1438	6757
1451	6759
1497	6762
1528	6764
1538	6766
1540	6769
1494	6771
1444	6774
1426	6776
1480	6778
1547	6781
1551	6784
1508	6786
1502	6789
1520	6791
1554	6794
1579	6796
1580	6798
1573	6801
1546	6803
1492	6806
1466	6808
1481	6810
1532	6813
1563	6815
1539	6818
1493	6820
1452	6822
1470	6825
1496	6828
1525	6831
1526	6833
1475	6835
1458	6838
1465	6840
1451	6843
1463	6845
1497	6847
1555	6850
1577	6852
1582	6855
1567	6857
1543	6859
1540	6862
1541	6864
1538	6866
1480	6870
1396	6872
1392	6875
1455	6877
1534	6879
1574	6882
1569	6884
1517	6887
1477	6889
1482	6891
1522	6894
1527	6896
1484	6899
1453	6901
1456	6903
1494	6906
1530	6908
1522	6912
1460	6914
1427	6916
1435	6919
1471	6921
1547	6924
1586	6926
1580	6928
1572	6931
1555	6933
1524	6936
1495	6938
1474	6940
1507	6943
1563	6945
1581	6947
1563	6950
1499	6952
1457	6956
1454	6958
1476	6960
1513	6963
1528	6965
1518	6968
1513	6970
1539	6972
1547	6975
1525	6977
1479	6980
1478	6982
1498	6984
1494	6987
1486	6989
1505	6992
1540	6994
1561	6996
1573	7000
1562	7002
1503	7005
1466	7007
1482	7009
1511	7012
1511	7014
1515	7017
1538	7019
1555	7021
1580	7024
1592	7026
1598	7029
1566	7031
1548	7033
1526	7036
1508	7038
1497	7041
1481	7044
1482	7046
1494	7049
1488	7051
1510	7053
1547	7056
1572	7058
1574	7061
1556	7063
1534	7065
1484	7068
1434	7070
1429	7073
1466	7075
1516	7077
1518	7080
1527	7083
1543	7086
1563	7088
1556	7090
1520	7093
1467	7095
1441	7098
1460	7100
1484	7102
1518	7105
1527	7107
1534	7110
1547	7112
1571	7114
1580	7117
1570	7119
1529	7121
1472	7124
1467	7127
1461	7130
1468	7132
1514	7134
1562	7137
1576	7139
1558	7142
1545	7144
1549	7146
1505	7149
1447	7151
1452	7154
1471	7156
1474	7158
1490	7161
1535	7163
1564	7166
1579	7169
1549	7171
1490	7174
1484	7176
1521	7179
1560	7181
1554	7183
1515	7186
1468	7188
1483	7191
1518	7193
1529	7195
1534	7198
1549	7200
1566	7203
1544	7205
1464	7207
1417	7211
1434	7213
1497	7215
1564	7218
1565	7220
1556	7223
1562	7225
1565	7227
1555	7230
1531	7232
1508	7235
1498	7237
1486	7239
1451	7242
1458	7244
1509	7247
1545	7249
1566	7251
1567	7255
1568	7257
1552	7260
1479	7262
1444	7264
1458	7267
1493	7269
1519	7272
1516	7274
1505	7276
1498	7279
1504	7281
1508	7284
1503	7286
1499	7288
1494	7291
1518	7293
1513	7296
1480	7299
1472	7301
1500	7304
1556	7306
1566	7308
1525	7311
1505	7313
1509	7316
1525	7318
1537	7320
1557	7323
1556	7325
1526	7328
1505	7330
1482	7332
1468	7335
1491	7337
1520	7341
1541	7343
1543	7345
1540	7348
1536	7350
1531	7353
1547	7355
1556	7357
1527	7360
1494	7362
1476	7365
1490	7367
1508	7369
1502	7372
1500	7374
1522	7376
1562	7379
1595	7382
1612	7385
1594	7387
1518	7389
1466	7392
1473	7394
1509	7397
1524	7399
1512	7401
1486	7404
1483	7406
1523	7409
1543	7411
1483	7413
1433	7416
1449	7418
1517	7421
1565	7424
1609	7426
1622	7429
1605	7431
1549	7434
1459	7436
1435	7438
1468	7441
1535	7443
1578	7446
1549	7448
1503	7450
1481	7453
1488	7455
1515	7457
1532	7460
1520	7462
1512	7465
1521	7468
1540	7470
1548	7473
1553	7475
1538	7478
1516	7480
1511	7482
1499	7485
1474	7487
1460	7490
1493	7492
1536	7494
1552	7497
1546	7499
1515	7502
1492	7504
1500	7506
1529	7510
1539	7512
1526	7515
1504	7517
1479	7519
1473	7522
1490	7524
1512	7527
1537	7529
1560	7531
1574	7534
1584	7536
1576	7539
1538	7541
1442	7543
1403	7546
1429	7548
1481	7552
1540	7554
1526	7556
1505	7559
1521	7561
1554	7563
1561	7566
1562	7568
1552	7571
1506	7573
1449	7575
1441	7578
1451	7580
1497	7583
1534	7585
1551	7587
1559	7590
1555	7592
1527	7596
1498	7598
1489	7600
1510	7603
1539	7605
1553	7608
1542	7610
1521	7612
1507	7615
1523	7617
1502	7620
1477	7622
1481	7624
1510	7627
1533	7629
1528	7632
1518	7634
1528	7636
1523	7640
1514	7642
1515	7645
1536	7647
1517	7649
1462	7652
1407	7654
1431	7656
1493	7659
1538	7661
1559	7664
1541	7666
1521	7668
1512	7671
1505	7673
1492	7676
1490	7678
1510	7681
1538	7684
1528	7686
1510	7689
1507	7691
1534	7693
1542	7696
1521	7698
1446	7701
1418	7703
1454	7705
1499	7708
1545	7710
1561	7713
1548	7715
1517	7717
1495	7720
1488	7723
1492	7726
1506	7728
1515	7730
1515	7733
1498	7735
1500	7738
1533	7740
1565	7742
1573	7745
1559	7747
1521	7749
1503	7752
1507	7754
1520	7757
1511	7759
1477	7761
1436	7764
1440	7767
1477	7770
1517	7772
1555	7774
1552	7777
1539	7779
1523	7782
1521	7784
1502	7786
1465	7789
1453	7791
1471	7794
1506	7796
1523	7798
1540	7801
1540	7803
1537	7806
1518	7809
1448	7811
1416	7814
1432	7816
1461	7819
1502	7821
1535	7823
1544	7826
1533	7828
1539	7830
1555	7833
1526	7835
1450	7838
1450	7840
1513	7842
1546	7845
1531	7847
1500	7851
1495	7853
1512	7855
1543	7858
1556	7860
1540	7863
1511	7865
1513	7867
1523	7870
1512	7872
1485	7875
1473	7877
1471	7879
1465	7882
1439	7884
1443	7887
1484	7889
1541	7891
1557	7895
1552	7897
1543	7900
1525	7902
1532	7904
1551	7907
1563	7909
1556	7911
1533	7914
1514	7916
1513	7919
1530	7921
1548	7923
1561	7926
1568	7928
1535	7931
1494	7933
1488	7936
1500	7939
1514	7941
1521	7944
1518	7946
1505	7948
1465	7951
1454	7953
1477	7956
1498	7958
1500	7960
1504	7963
1524	7965
1530	7968
1497	7970
1454	7972
1430	7975
1467	7977
1524	7981
1554	7983
1561	7985
1570	7988
1576	7990
1582	7993
1546	7995
1482	7997
1447	8000
1412	8002
1411	8004
1461	8007
1505	8009
1550	8012
1567	8014
1574	8016
1578	8019
1585	8022
1592	8025
1585	8027
1558	8029
1544	8032
1511	8034
1484	8037
1481	8039
1490	8041
1497	8044
1489	8046
1459	8049
1455	8051
1476	8053
1511	8056
1540	8058
1553	8061
1552	8064
1532	8066
1524	8069
1523	8071
1535	8074
1543	8076
1534	8078
1489	8081
1425	8083
1371	8085
1394	8088
1448	8090
1526	8093
1579	8095
1602	8097
1607	8100
1601	8102
1595	8105
1587	8108
1568	8110
1542	8113
1494	8115
1433	8118
1372	8120
1393	8122
1477	8125
1525	8127
1558	8130
1569	8132
1568	8134
1564	8137
1550	8139
1524	8142
1492	8144
1496	8146
1518	8150
1539	8152
1554	8155
1566	8157
1569	8159
1567	8162
1568	8164
1572	8166
1576	8169
1542	8171
1482	8174
1452	8176
1472	8178
1505	8181
1507	8183
1476	8186
1422	8188
1410	8190
1421	8194
1468	8196
1515	8199
1534	8201
1547	8203
1568	8206
1583	8208
1587	8211
1587	8213
1577	8215
1534	8218
1457	8220
1421	8223
1446	8225
1487	8227
1522	8230
1543	8232
1554	8236
1558	8238
1559	8240
1554	8243
1530	8245
1517	8247
1512	8250
1512	8252
1520	8255
1536	8257
1535	8259
1517	8262
1484	8264
1443	8267
1436	8269
1441	8271
1466	8274
1514	8276
1541	8280
1545	8282
1538	8284
1530	8287
1514	8289
1491	8292
1414	8294
1390	8296
1417	8299
1468	8301
1532	8304
1566	8306
1558	8308
1536	8311
1523	8313
1528	8316
1533	8318
1540	8321
1543	8324
1543	8326
1539	8328
1537	8331
1543	8333
1550	8336
1557	8338
1569	8340
1574	8343
1553	8345
1519	8348
1485	8350
1483	8352
1488	8355
1486	8357
1466	8360
1436	8363
1427	8365
1453	8368
1504	8370
1537	8373
1550	8375
1555	8377
1536	8380
1525	8382
1526	8385
1531	8387
1535	8389
1527	8392
1487	8394
1467	8397
1469	8399
1486	8401
1509	8404
1529	8407
1546	8409
1553	8412
1549	8414
1542	8417
1532	8419
1526	8421
1531	8424
1545	8426
1546	8429
1535	8431
1524	8433
1525	8436
1528	8438
1541	8441
1549	8443
1545	8445
1541	8449
1538	8451
1520	8454
1513	8456
1517	8458
1521	8461
1522	8463
1524	8466
1522	8468
1516	8470
1518	8473
1524	8475
1529	8478
1519	8480
1511	8482
1507	8485
1513	8487
1521	8489
1524	8493
1525	8495
1525	8498
1519	8500
1515	8502
1514	8505
1519	8507
1525	8510
1526	8512
1519	8514
1511	8517
1507	8519
1510	8522
1516	8524
1523	8526
1524	8529
1522	8531
1516	8535
1510	8537
1508	8539
1512	8542
1517	8544
1519	8547
1516	8549
1516	8551
1517	8554
1519	8556
1521	8559
1522	8561
1522	8563
1519	8566
1514	8568
1513	8570
1515	8573
1515	8576
1513	8579
1511	8581
1511	8583
1512	8586
1514	8588
1515	8591
1517	8593
1513	8595
1506	8598
1504	8600
1506	8603
1512	8605
1513	8607
1506	8610
1503	8612
1504	8615
1508	8617
1510	8620
1514	8623
1517	8625
1519	8628
1519	8630
1518	8632
1516	8635
1514	8637
1514	8640
1513	8642
1512	8644
1513	8647
1513	8649
1512	8652
1509	8654
1509	8656
1512	8659
1516	8662
1516	8664
1515	8667
1513	8669
1513	8672
1514	8674
1516	8676
1518	8679
1517	8681
1516	8684
1513	8686
1512	8688
1513	8691
1514	8693
1515	8696
1514	8698
1513	8700
1513	8704
1514	8706
1515	8709
1517	8711
1516	8713
1516	8716
1515	8718
1514	8721
1515	8723
1515	8725
1516	8728
1516	8730
1515	8733
1510	8735
1509	8737
1512	8740
1516	8742
1519	8744
1520	8748
1520	8750
1517	8753
1516	8755
1516	8757
1518	8760
1517	8762
1517	8765
1516	8767
1515	8769
1514	8772
1516	8774
1517	8777
1518	8779
1518	8781
1516	8784
1516	8786
1516	8790
1517	8792
1519	8794
1520	8797
1520	8799
1519	8802
1519	8804
1520	8806
1522	8809
1523	8811
1524	8814
1524	8816
1523	8818
1522	8821
1523	8823
1525	8826
1527	8828
1527	8830
1526	8834
1525	8836
1524	8838
1525	8841
1526	8843
1528	8846
1528	8848
1527	8850
1526	8853
1525	8855
1526	8858
1527	8860
1527	8862
1527	8865
1525	8867
1524	8870
1524	8872
1525	8875
1526	8878
1526	8880
1525	8883
1523	8885
1523	8887
1523	8890
1524	8892
1526	8895
1526	8897
1526	8899
1524	8902
1524	8904
1523	8907
1524	8909
1524	8911
1523	8914
1522	8916
1521	8919
1521	8922
1522	8924
1522	8927
1523	8929
1523	8931
1522	8934
1520	8936
1520	8939
1521	8941
1522	8943
1523	8946
1522	8948
1521	8951
1519	8953
1519	8955
1519	8958
1521	8961
1522	8964
1521	8966
1519	8968
1518	8971
1518	8973
1519	8976
1520	8978
1520	8980
1519	8983
1517	8985
1516	8988
1517	8990
1518	8992
1519	8995
1519	8997
1517	8999
1515	9003
1515	9005
1516	9008
1517	9010
1519	9012
1519	9015
1518	9017
1518	9020
1517	9022
1518	9024
1520	9027
1522	9029
1522	9032
1521	9034
1520	9036
1521	9039
1522	9041
1523	9044
1524	9047
1524	9049
1523	9052
1522	9054
1523	9057
1523	9059
1524	9061
1524	9064
1524	9066
1522	9069
1521	9071
1522	9073
1522	9076
1523	9078
1523	9080
1522	9083
1520	9085
1519	9089
1519	9091
1520	9093
1521	9096
1521	9098
1519	9101
1518	9103
1517	9105
1518	9108
1520	9110
1520	9113
1520	9115
1518	9117
1517	9120
1517	9122
1517	9125
1518	9127
1519	9129
1519	9133
1517	9135
1516	9138
1516	9140
1517	9142
1518	9145
1519	9147
1519	9150
1518	9152
1517	9154
1518	9157
1520	9159
1521	9162
1522	9164
1522	9166
1521	9169
1520	9171
1521	9175
1523	9177
1525	9179
1525	9182
1524	9184
1523	9186
1523	9189
1524	9191
1526	9194
1527	9196
1527	9198
1526	9201
1525	9203
1525	9206
1527	9208
1529	9210
1530	9213
1531	9216
1530	9219
1530	9221
1531	9223
1532	9226
1535	9228
1537	9231
1537	9233
1537	9235
1536	9238
1538	9240
1540	9243
1542	9245
1544	9247
1543	9250
1542	9252
1542	9255
1543	9257
1545	9260
1546	9263
1546	9265
1546	9267
1544	9270
1544	9272
1545	9275
1546	9277
1547	9279
1547	9282
1545	9284
1543	9287
1542	9289
1543	9291
1544	9294
1545	9296
1544	9299
1542	9302
1540	9304
1539	9307
1539	9309
1540	9312
1540	9314
1539	9316
1536	9319
1534	9321
1533	9324
1534	9326
1534	9328
1534	9331
1532	9333
1530	9336
1527	9338
1527	9340
1527	9344
1528	9346
1527	9349
1525	9351
1523	9353
1521	9356
1521	9358
1521	9360
1521	9363
1520	9365
1518	9368
1516	9370
1514	9372
1514	9375
1514	9377
1514	9380
1513	9382
1511	9384
1509	9388
1508	9390
1508	9393
1508	9395
1509	9397
1508	9400
1506	9402
1504	9405
1503	9407
1503	9409
1505	9412
1505	9414
1504	9417
1502	9419
1500	9421
1499	9424
1500	9426
1501	9430
1501	9432
1500	9434
1498	9437
1496	9439
1496	9442
1497	9444
1498	9446
1498	9449
1497	9451
1495	9453
1493	9456
1493	9458
1495	9461
1496	9463
1496	9465
1495	9468
1493	9470
1492	9474
1493	9476
1495	9478
1496	9481
1496	9483
1495	9486
1493	9488
1492	9490
1493	9493
1495	9495
1496	9498
1496	9500
1494	9502
1493	9505
1492	9507
1494	9510
1496	9512
1497	9515
1496	9518
1495	9520
1494	9523
1494	9525
1496	9527
1498	9530
1498	9532
1497	9534
1496	9537
1495	9539
1496	9542
1497	9544
1499	9546
1500	9549
1498	9551
1497	9554
1496	9556
1497	9559
1499	9562
1500	9564
1501	9567
1499	9569
1498	9571
1497	9574
1498	9576
1500	9579
1501	9581
1501	9583
1499	9586
1498	9588
1497	9591
1499	9593
1501	9595
1501	9598
1501	9601
1499	9604
1497	9606
1497	9608
1498	9611
1500	9613
1500	9616
1499	9618
1497	9620
1496	9623
1496	9625
1498	9627
1500	9630
1500	9632
1499	9635
1497	9637
1496	9639
1497	9643
1499	9645
1500	9648
1501	9650
1499	9652
1498	9655
1497	9657
1499	9660
1501	9662
1502	9664
1502	9667
1500	9669
1499	9672
1500	9674
1501	9676
1504	9679
1505	9681
1505	9684
1503	9687
1502	9689
1502	9692
1504	9694
1506	9697
1506	9699
1506	9701
1504	9704
1503	9706
1503	9709
1505	9711
1506	9713
1506	9716
1505	9718
1503	9720
1502	9723
1502	9725
1503	9729
1505	9731
1504	9733
1502	9736
1501	9738
1500	9741
1500	9743
1502	9745
1503	9748
1503	9750
1501	9753
1499	9755
1499	9757
1500	9760
1502	9762
1503	9765
1503	9767
1501	9769
1499	9773
1499	9775
1501	9778
1503	9780
1503	9782
1503	9785
1501	9787
1500	9790
1500	9792
1502	9794
1504	9797
1504	9799
1503	9801
1501	9804
1500	9806
1501	9809
1503	9811
1505	9814
1505	9817
1504	9819
1503	9822
1502	9824
1503	9826
1505	9829
1506	9831
1506	9834
1505	9836
1503	9838
1503	9841
1504	9843
1506	9846
1507	9848
1507	9850
1505	9853
1503	9856
1503	9859
1505	9861
1507	9863
1508	9866
1507	9868
1506	9871
1504	9873
1505	9875
1507	9878
1508	9880
1509	9882
1508	9885
1507	9887
1506	9890
1506	9892
1508	9894
1510	9897
1510	9900
1509	9903
1508	9905
1507	9907
1508	9910
1509	9912
1511	9915
1511	9917
1509	9919
1508	9922
1507	9924
1509	9927
1511	9929
1512	9931
1512	9934
1509	9936
1508	9939
1508	9942
1509	9944
1511	9947
1512	9949
1511	9952
1509	9954
1508	9956
1508	9959
1509	9961
1511	9963
1512	9966
1510	9968
1508	9971
1507	9973
1508	9975
1509	9978
1511	9980
1511	9984
1510	9986
1508	9988
1507	9991
1508	9993
1510	9996
1511	9998
1511	10000
1510	10003
1508	10005
1507	10008
1509	10010
1511	10013
1512	10015
1511	10018
1509	10020
1508	10022
1508	10025
1510	10028
1511	10031
1512	10033
1511	10036
1509	10038
1508	10041
1508	10043
1511	10045
1512	10048
1512	10050
1510	10053
1508	10055
1508	10058
1509	10060
1511	10063
1512	10065
1512	10067
1510	10071
1509	10073
1508	10076
1510	10078
1512	10081
1513	10083
1512	10086
1510	10088
1509	10090
1510	10093
1512	10095
1513	10098
1513	10100
1511	10103
1510	10105
1509	10108
1510	10110
1513	10113
1514	10116
1513	10118
1511	10121
1510	10123
1510	10126
1511	10128
1513	10131
1514	10133
1513	10136
1511	10138
1510	10140
1510	10143
1512	10145
1513	10148
1513	10150
1511	10153
1509	10156
1509	10159
1510	10161
1512	10163
1513	10166
1512	10168
1510	10171
1508	10173
1508	10176
1510	10178
1512	10181
1512	10183
1511	10185
1509	10188
1508	10190
1509	10193
1512	10195
1514	10199
1513	10201
1512	10204
1510	10206
1510	10208
1511	10211
1513	10213
1514	10216
1513	10218
1511	10221
1510	10223
1510	10226
1512	10228
1513	10230
1514	10233
1512	10235
1510	10238
1509	10241
1510	10244
1512	10246
1514	10249
1513	10251
1512	10253
1510	10256
1510	10258
1511	10261
1513	10263
1514	10266
1513	10268
1511	10271
1510	10273
1510	10275
1512	10278
1514	10280
1514	10284
1513	10286
1511	10289
1510	10291
1511	10294
1513	10296
1514	10298
1514	10301
1513	10303
1511	10306
1511	10308
1512	10311
1514	10313
1516	10316
1515	10318
1513	10320
1512	10323
1512	10326
1514	10329
1516	10331
1516	10334
1515	10336
1513	10339
1512	10341
1513	10343
1515	10346
1517	10348
1517	10351
1515	10353
1513	10356
1513	10358
1514	10361
1516	10363
1517	10365
1516	10369
1514	10371
1513	10374
1513	10376
1515	10379
1517	10381
1517	10384
1516	10386
1515	10388
1513	10391
1514	10393
1516	10396
1518	10398
1518	10401
1516	10403
1515	10406
1514	10408
1516	10411
1518	10414
1519	10416
1518	10419
1517	10421
1515	10424
1516	10426
1517	10429
1519	10431
1520	10433
1518	10436
1517	10438
1516	10441
1517	10443
1519	10446
1521	10448
1521	10451
1519	10454
1518	10456
1517	10459
1519	10461
1521	10464
1522	10466
1522	10469
1520	10471
1519	10474
1519	10476
1521	10478
1522	10481
1523	10483
1522	10486
1520	10488
1519	10491
1520	10493
1522	10497
1523	10499
1523	10501
1523	10504
1523	10506
1524	10509
1525	10511
1526	10514
1527	10516
1526	10519
1525	10521
1526	10523
1527	10526
1528	10528
1529	10531
1529	10533
1528	10536
1527	10539
1528	10542
1529	10544
1530	10546
1530	10549
1529	10551
1528	10554
1528	10556
1529	10559
1529	10561
1530	10564
1530	10566
1529	10568
1528	10571
1528	10573
1529	10576
1530	10578
1530	10582
1529	10584
1529	10587
1528	10589
1528	10591
1529	10594
1530	10596
1530	10599
1529	10601
1528	10604
1528	10606
1528	10609
1529	10611
1530	10613
1529	10616
1528	10618
1527	10621
1527	10624
1528	10627
1529	10629
1529	10632
1528	10634
1527	10636
1527	10639
1527	10641
1528	10644
1529	10646
1529	10649
1528	10651
1527	10654
1526	10656
1527	10658
1528	10661
1529	10663
1529	10667
1527	10669
1526	10672
1526	10674
1527	10677
1528	10679
1528	10681
1528	10684
1527	10686
1526	10689
1527	10691
1528	10694
1529	10696
1529	10699
1529	10701
1528	10703
1528	10706
1529	10708
1530	10712
1531	10714
1530	10717
1529	10719
1528	10722
1528	10724
1529	10726
1530	10729
1530	10731
1530	10734
1528	10736
1527	10739
1528	10741
1529	10744
1530	10746
1530	10748
1529	10752
1528	10754
1527	10757
1527	10759
1529	10762
1530	10764
1530	10767
1528	10769
1528	10771
1527	10774
1528	10776
1530	10779
1530	10781
1530	10784
1528	10786
1527	10789
1527	10791
1529	10795
1530	10797
1530	10799
1530	10802
1528	10804
1527	10807
1528	10809
1529	10812
1530	10814
1530	10817
1529	10819
1528	10821
1527	10824
1528	10826
1530	10829
1530	10831
1530	10834
1529	10836
1528	10840
1528	10842
1529	10844
1530	10847
1531	10849
1530	10852
1528	10854
1527	10857
1528	10859
1529	10862
1530	10864
1530	10866
1529	10869
1527	10871
1527	10874
1527	10876
1529	10880
1530	10882
1530	10885
1528	10887
1527	10889
1527	10892
1528	10894
1530	10897
1530	10899
1529	10902
1528	10904
1526	10907
1527	10909
1528	10911
1530	10914
1530	10916
1528	10919
1526	10921
1526	10925
1527	10927
1529	10930
1530	10932
1529	10934
1527	10937
1526	10939
1526	10942
1527	10944
1529	10947
1529	10949
1528	10952
1526	10954
1525	10956
1526	10959
1527	10961
1528	10964
1528	10967
1527	10970
1526	10972
1525	10974
1527	10977
1528	10979
1528	10982
1528	10984
1526	10987
1525	10989
1525	10992
1527	10994
1528	10996
1528	10999
1527	11001
1525	11004
1524	11006
1524	11010
1526	11012
1527	11015
1527	11017
1525	11019
1524	11022
1523	11024
1524	11027
1526	11029
1526	11032
1526	11034
1524	11037
1523	11039
1523	11042
1524	11044
1525	11046
1525	11049
1524	11052
1522	11055
1521	11057
1522	11060
1523	11062
1524	11064
1523	11067
1521	11069
1520	11072
1519	11074
1520	11077
1521	11079
1521	11082
1519	11084
1518	11086
1516	11089
1515	11091
1516	11095
1516	11097
1516	11100
1514	11102
1512	11105
1511	11107
1511	11110
1512	11112
1513	11114
1512	11117
1510	11119
1509	11122
1508	11124
1509	11127
1510	11129
1511	11132
1511	11134
1509	11137
1508	11140
1508	11142
1510	11145
1512	11147
1512	11150
1511	11152
1510	11155
1509	11157
1510	11159
1512	11162
1513	11164
1513	11167
1512	11169
1511	11172
1511	11174
1512	11177
1514	11180
1515	11182
1514	11185
1512	11187
1512	11190
1512	11192
1513	11195
1515	11197
1515	11200
1515	11202
1513	11204
1513	11207
1514	11209
1515	11212
1517	11214
1516	11217
1515	11219
1514	11223
1513	11225
1515	11227
1516	11230
1516	11232
1515	11235
1514	11237
1512	11240
1512	11242
1513	11245
1514	11247
1514	11249
1512	11252
1510	11254
1509	11257
1510	11259
1511	11262
1511	11265
1510	11268
1508	11270
1506	11272
1506	11275
1506	11277
1508	11280
1508	11282
1507	11285
1505	11287
1504	11290
1504	11292
1505	11294
1506	11297
1506	11299
1505	11302
1503	11304
1502	11308
1503	11310
1505	11313
1505	11315
1505	11317
1503	11320
1502	11322
1502	11325
1503	11327
1504	11330
1505	11332
1503	11335
1502	11337
1501	11339
1502	11342
1503	11344
1504	11347
1505	11350
1504	11353
1503	11355
1502	11358
1503	11360
1505	11362
1505	11365
1505	11367
1504	11370
1502	11372
1502	11375
1503	11377
1504	11380
1504	11382
1503	11385
1502	11387
1500	11389
1501	11393
1501	11395
1502	11398
1502	11400
1500	11403
1498	11405
1497	11408
1497	11410
1498	11412
1499	11415
1497	11417
1496	11420
1494	11422
1493	11425
1493	11427
1494	11430
1493	11432
1492	11435
1490	11438
1488	11440
1488	11443
1489	11445
1489	11448
1488	11450
1487	11453
1484	11455
1483	11457
1483	11460
1484	11462
1484	11465
1483	11467
1481	11470
1480	11472
1479	11475
1479	11478
1480	11480
1480	11483
1479	11485
1477	11488
1475	11490
1475	11493
