Device found. I2C connections are good.
1508	2
1506	5
1504	7
1503	9
1504	11
1506	14
1508	16
1508	18
1507	20
1505	23
1504	25
1504	27
1506	30
1508	32
1508	34
1507	36
1505	39
1504	41
1504	44
1507	47
1509	49
1509	51
1508	53
1506	56
1505	58
1505	60
1507	63
1509	65
1510	67
1509	70
1507	72
1506	74
1505	76
1507	79
1509	81
1510	83
1510	87
1507	89
1506	91
1506	93
1507	96
1509	98
1510	100
1509	103
1507	105
1505	107
1505	110
1507	112
1509	114
1510	117
1509	119
1507	121
1505	124
1505	126
1507	129
1509	132
1510	134
1509	136
1507	139
1505	141
1505	144
1506	146
1509	148
1509	151
1508	153
1506	155
1505	158
1505	160
1506	162
1508	165
1509	167
1507	169
1506	173
1504	175
1504	177
1506	180
1508	182
1509	184
1508	187
1506	189
1504	191
1504	194
1506	196
1509	198
1509	201
1508	203
1506	205
1505	208
1505	210
1507	212
1509	216
1509	218
1508	221
1506	223
1505	225
1505	228
1507	230
1509	232
1509	235
1508	237
1506	239
1505	242
1505	244
1508	246
1509	249
1510	251
1508	253
1506	257
1505	259
1506	261
1507	264
1509	266
1510	268
1508	271
1506	273
1505	275
1505	278
1508	280
1509	282
1510	285
1508	287
1506	290
1505	292
1506	294
1507	297
1509	300
1509	302
1508	305
1506	307
1505	309
1506	312
1508	314
1509	316
1509	319
1508	321
1506	323
1505	326
1506	328
1509	330
1510	333
1510	335
1509	337
1507	340
1506	343
1507	345
1509	348
1511	350
1511	352
1509	355
1507	357
1506	360
1507	362
1509	364
1511	367
1510	369
1508	371
1507	374
1506	376
1507	378
1509	381
1510	384
1509	386
1508	389
1506	391
1505	393
1506	396
1509	398
1510	400
1510	403
1509	405
1507	407
1507	410
1509	412
1511	414
1512	417
1512	419
1510	421
1508	424
1507	427
1509	430
1511	432
1512	434
1511	437
1509	439
1507	441
1506	444
1508	446
1510	448
1510	451
1509	453
1507	455
1505	458
1505	460
1507	462
1508	465
1509	467
1509	470
1506	473
1504	475
1504	477
1505	480
1508	482
1508	484
1508	487
1505	489
1504	491
1504	494
1506	496
1507	499
1508	501
1507	503
1505	506
1503	508
1504	510
1505	514
1507	516
1508	518
1507	521
1505	523
1503	525
1503	528
1505	530
1507	532
1508	535
1507	537
1505	539
1503	542
1503	544
1505	546
1507	549
1508	551
1507	553
1505	557
1503	559
1504	561
1505	564
1508	566
1508	569
1507	571
1504	573
1503	576
1504	578
1506	580
1507	583
1508	585
1506	587
1505	590
1504	592
1505	594
1506	598
1508	600
1509	602
1507	605
1505	607
1504	609
1505	612
1507	614
1508	616
1509	619
1507	621
1505	623
1504	626
1505	628
1506	630
1509	633
1509	635
1507	637
1505	641
1504	643
1505	646
1507	648
1509	650
1509	653
1508	655
1505	657
1504	660
1505	662
1507	664
1508	667
1508	669
1507	671
1505	674
1504	676
1505	678
1507	681
1509	684
1508	686
1507	689
1505	691
1504	693
1505	696
1508	698
1509	700
1509	703
1507	705
1506	707
1505	710
1506	712
1508	715
1509	717
1509	719
1507	722
1505	724
1505	727
1506	730
1508	732
1509	734
1509	737
1507	739
1505	741
1505	744
1506	746
1508	748
1509	751
1509	753
1507	755
1505	758
1505	760
1506	762
1509	765
1510	768
1510	770
1507	773
1506	775
1506	777
1507	780
1509	782
1510	785
1510	787
1508	789
1506	792
1506	794
1507	796
1509	799
1510	801
1510	803
1508	806
1506	808
1506	811
1507	814
1510	816
1511	818
1510	821
1507	823
1506	825
1506	828
1508	830
1509	832
1510	835
1509	837
1507	839
1505	842
1506	844
1507	846
1509	849
1509	851
1509	855
1506	857
1504	859
1505	862
1506	864
1508	866
1509	869
1507	871
1506	873
1504	876
1504	878
1505	880
1507	883
1508	885
1507	887
1505	890
1503	892
1503	894
1505	898
1507	900
1507	902
1506	905
1503	907
1503	909
1503	912
1505	914
1507	916
1508	919
1506	921
1505	924
1504	926
1505	928
1507	931
1509	933
1510	935
1509	939
1507	941
1506	943
1506	946
1509	948
1510	950
1510	953
1509	955
1507	957
1506	960
1507	962
1508	964
1510	967
1510	969
1509	971
1506	974
1505	976
1506	978
1508	982
1510	984
1510	986
1508	989
1506	991
1505	994
1506	996
1508	998
1510	1001
1510	1003
1508	1005
1506	1008
1505	1010
1506	1013
1508	1015
1509	1017
1509	1020
1506	1022
1505	1025
1504	1028
1506	1030
1508	1033
1509	1035
1508	1037
1506	1040
1504	1042
1504	1045
1506	1047
1508	1049
1509	1052
1508	1054
1506	1057
1504	1059
1504	1061
1506	1064
1508	1067
1509	1070
1508	1072
1505	1074
1504	1077
1505	1079
1507	1082
1509	1084
1509	1086
1508	1089
1505	1091
1505	1093
1506	1096
1507	1098
1509	1101
1509	1103
1507	1105
1505	1108
1505	1111
1506	1114
1508	1116
1509	1118
1509	1121
1507	1123
1505	1126
1505	1128
1507	1130
1509	1133
1510	1135
1509	1138
1507	1140
1506	1142
1506	1145
1508	1147
1511	1150
1511	1153
1510	1155
1508	1158
1507	1160
1508	1163
1510	1165
1512	1167
1512	1170
1511	1172
1509	1174
1508	1177
1509	1179
1511	1182
1513	1184
1513	1186
1511	1189
1509	1191
1509	1195
1510	1197
1512	1199
1513	1202
1513	1204
1511	1207
1509	1209
1509	1211
1510	1214
1512	1216
1513	1219
1512	1221
1510	1223
1509	1226
1509	1228
1510	1231
1512	1233
1513	1235
1512	1239
1509	1241
1508	1244
1508	1246
1510	1248
1512	1251
1513	1253
1511	1256
1509	1258
1508	1260
1509	1263
1511	1265
1512	1267
1512	1270
1510	1272
1508	1275
1508	1277
1509	1280
1511	1283
1513	1285
1512	1288
1511	1290
1509	1292
1508	1295
1510	1297
1512	1300
1513	1302
1512	1304
1509	1307
1508	1309
1508	1312
1510	1314
1511	1316
1512	1319
1511	1321
1508	1325
1507	1327
1508	1329
1510	1332
1511	1334
1511	1337
1510	1339
1508	1341
1507	1344
1507	1346
1509	1348
1511	1351
1511	1353
1509	1356
1507	1358
1506	1360
1507	1363
1509	1366
1511	1369
1510	1371
1509	1373
1506	1376
1506	1378
1508	1381
1509	1383
1510	1385
1510	1388
1508	1390
1506	1393
1506	1395
1508	1397
1509	1400
1510	1402
1509	1405
1506	1408
1505	1410
1506	1413
1508	1415
1509	1418
1510	1420
1508	1422
1506	1425
1505	1427
1505	1429
1508	1432
1509	1434
1510	1437
1508	1439
1506	1441
1506	1444
1507	1446
1509	1449
1511	1452
1511	1454
1509	1457
1507	1459
1506	1462
1508	1464
1510	1466
1511	1469
1510	1471
1508	1474
1506	1476
1506	1478
1508	1481
1510	1483
1511	1486
1510	1488
1508	1490
1506	1494
1506	1496
1508	1499
1510	1501
1510	1503
1509	1506
1506	1508
1505	1511
1506	1513
1508	1515
1510	1518
1510	1520
1508	1522
1506	1525
1505	1527
1506	1530
1509	1532
1510	1534
1510	1538
1508	1540
1506	1543
1506	1545
1507	1547
1509	1550
1511	1552
1510	1555
1508	1557
1506	1559
1506	1562
1508	1564
1510	1567
1511	1569
1510	1571
1508	1574
1506	1576
1506	1580
1508	1582
1510	1584
1511	1587
1509	1589
1508	1592
1506	1594
1507	1596
1509	1599
1511	1601
1511	1603
1510	1606
1507	1608
1507	1611
1508	1613
1510	1615
1511	1618
1512	1620
1510	1624
1508	1626
1508	1628
1509	1631
1511	1633
1512	1636
1512	1638
1510	1640
1508	1643
1508	1645
1509	1648
1512	1650
1513	1652
1512	1655
1510	1657
1508	1660
1508	1662
1509	1665
1512	1668
1512	1670
1511	1673
1509	1675
1507	1677
1508	1680
1509	1682
1511	1684
1512	1687
1510	1689
1508	1692
1507	1694
1508	1696
1510	1699
1511	1701
1511	1704
1510	1707
1508	1709
1507	1712
1509	1714
1511	1717
1512	1719
1511	1721
1509	1724
1508	1726
1508	1729
1509	1731
1511	1733
1512	1736
1511	1738
1509	1741
1507	1743
1507	1745
1509	1748
1511	1751
1511	1753
1511	1756
1509	1758
1507	1761
1507	1763
1509	1765
1511	1768
1511	1770
1510	1773
1508	1775
1507	1777
1508	1780
1509	1782
1511	1785
1511	1787
1509	1789
1508	1793
1507	1795
1508	1798
1510	1800
1511	1802
1511	1805
1509	1807
1508	1810
1507	1812
1508	1814
1511	1817
1512	1819
1511	1822
1509	1824
1508	1826
1507	1829
1509	1831
1511	1833
1512	1837
1511	1839
1509	1842
1508	1844
1508	1846
1509	1849
1511	1851
1512	1854
1511	1856
1508	1858
1507	1861
1508	1863
1510	1866
1511	1868
1512	1870
1510	1873
1508	1875
1507	1879
1508	1881
1510	1883
1511	1886
1511	1888
1509	1891
1507	1893
1507	1895
1508	1898
1510	1900
1511	1903
1511	1905
1509	1907
1507	1910
1507	1912
1509	1914
1511	1917
1512	1920
1511	1923
1509	1925
1508	1927
1508	1930
1510	1932
1512	1935
1512	1937
1512	1939
1509	1942
1508	1944
1508	1947
1510	1949
1512	1951
1513	1954
1512	1956
1509	1959
1509	1961
1510	1964
1512	1967
1514	1969
1514	1972
1513	1974
1511	1976
1510	1979
1512	1981
1514	1984
1515	1986
1514	1988
1512	1991
1510	1993
1510	1995
1511	1998
1513	2000
1514	2003
1513	2006
1511	2008
1509	2011
1509	2013
1511	2016
1513	2018
1513	2020
1512	2023
1510	2025
1508	2028
1509	2030
1511	2032
1512	2035
1512	2037
1511	2040
1508	2042
1507	2044
1508	2048
1510	2050
1511	2053
1511	2055
1510	2057
1507	2060
1507	2062
1508	2065
1510	2067
1511	2069
1511	2072
1508	2074
1507	2076
1506	2079
1508	2081
1509	2084
1511	2086
1510	2088
1507	2092
1506	2094
1505	2097
1507	2099
1509	2101
1510	2104
1509	2106
1507	2109
1505	2111
1506	2113
1508	2116
1510	2118
1510	2121
1509	2123
1506	2125
1505	2128
1506	2130
1508	2134
1510	2136
1510	2138
1508	2141
1506	2143
1506	2146
1507	2148
1509	2150
1511	2153
1510	2155
1509	2157
1507	2160
1506	2162
1508	2165
1509	2167
1511	2169
1510	2172
1508	2174
1506	2178
1506	2180
1508	2182
1509	2185
1510	2187
1509	2190
1507	2192
1506	2194
1506	2197
1508	2199
1510	2202
1510	2204
1508	2206
1506	2209
1505	2211
1505	2214
1507	2216
1509	2219
1509	2222
1507	2224
1505	2227
1504	2229
1505	2231
1507	2234
1509	2236
1508	2239
1507	2241
1505	2243
1504	2246
1505	2248
1508	2250
1509	2253
1508	2255
1507	2258
1505	2260
1505	2263
1507	2266
1509	2268
1510	2271
1509	2273
1507	2275
1506	2278
1506	2280
1508	2283
1510	2285
1511	2287
1510	2290
1508	2292
1507	2295
1507	2297
1509	2299
1511	2302
1512	2305
1510	2308
1508	2310
1507	2312
1508	2315
1511	2317
1512	2320
1512	2322
1511	2324
1508	2327
1508	2329
1509	2331
1511	2334
1513	2336
1512	2339
1511	2341
1509	2343
1509	2347
1510	2349
1512	2352
1513	2354
1512	2356
1510	2359
1509	2361
1509	2364
1511	2366
1512	2368
1513	2371
1511	2373
1509	2376
1508	2378
1508	2380
1510	2383
1511	2385
1512	2388
1510	2391
1508	2393
1507	2396
1507	2398
1509	2401
1511	2403
1510	2405
1508	2408
1506	2410
1505	2412
1506	2415
1508	2417
1509	2420
1509	2422
1507	2424
1505	2427
1504	2429
1505	2433
1508	2435
1509	2437
1508	2440
1506	2442
1504	2445
1504	2447
1505	2449
1507	2452
1508	2454
1507	2457
1505	2459
1503	2461
1504	2464
1506	2466
1508	2469
1508	2471
1506	2473
1505	2477
1503	2479
1504	2482
1506	2484
1507	2486
1508	2489
1506	2491
1504	2493
1504	2496
1505	2498
1508	2501
1510	2503
1510	2505
1508	2508
1506	2510
1506	2513
1508	2515
1510	2518
1512	2521
1511	2523
1509	2526
1507	2528
1508	2530
1509	2533
1512	2535
1512	2538
1511	2540
1509	2542
1508	2545
1508	2547
1509	2550
1511	2552
1512	2554
1510	2557
1508	2560
1506	2563
1507	2565
1509	2567
1510	2570
1510	2572
1508	2574
1506	2577
1505	2579
1506	2582
1508	2584
1510	2586
1510	2589
1507	2591
1505	2594
1505	2596
1505	2598
1507	2601
1508	2604
1508	2607
1506	2609
1504	2611
1505	2614
1506	2616
1509	2619
1510	2621
1509	2623
1507	2626
1506	2628
1507	2631
1508	2633
1510	2635
1511	2638
1510	2640
1508	2643
1507	2646
1507	2648
1509	2651
1511	2653
1511	2655
1509	2658
1507	2660
1506	2663
1507	2665
1508	2667
1509	2670
1508	2672
1506	2675
1503	2677
1501	2679
1502	2682
1505	2684
1506	2688
1506	2690
1505	2692
1504	2695
1504	2697
1506	2700
1509	2702
1510	2704
1510	2707
1508	2709
1505	2712
1504	2714
1504	2716
1505	2719
1505	2721
1504	2724
1503	2726
1502	2728
1503	2732
1505	2734
1508	2736
1508	2739
1508	2741
1506	2744
1505	2746
1506	2748
1508	2751
1510	2753
1510	2756
1506	2758
1504	2760
1503	2763
1504	2765
1508	2768
1509	2770
1510	2772
1508	2776
1506	2778
1505	2781
1506	2783
1508	2785
1508	2788
1506	2790
1501	2793
1499	2795
1498	2797
1499	2800
1501	2802
1502	2804
1502	2807
1501	2809
1501	2812
1502	2814
1505	2817
1508	2820
1508	2822
1507	2825
1505	2827
1505	2829
1507	2832
1509	2834
1511	2837
1511	2839
1510	2841
1509	2844
1508	2846
1509	2849
1511	2851
1512	2853
1512	2856
1509	2859
1508	2862
1508	2864
1509	2866
1511	2869
1513	2871
1512	2874
1510	2876
1508	2878
1507	2881
1507	2883
1509	2886
1510	2888
1509	2890
1508	2893
1507	2895
1507	2897
1509	2900
1511	2903
1509	2906
1506	2908
1503	2910
1504	2913
1506	2915
1509	2918
1511	2920
1511	2922
1509	2925
1507	2927
1506	2930
1507	2932
1509	2934
1511	2937
1510	2939
1508	2942
1506	2945
1505	2947
1507	2950
1508	2952
1510	2955
1510	2957
1507	2959
1506	2962
1507	2964
1509	2967
1510	2969
1508	2971
1504	2974
1501	2976
1501	2978
1503	2981
1507	2983
1510	2987
1511	2989
1511	2991
1509	2994
1507	2996
1506	2999
1506	3001
1507	3003
1508	3006
1508	3008
1507	3011
1507	3013
1509	3015
1512	3018
1514	3020
1514	3023
1513	3025
1510	3027
1509	3031
1511	3033
1513	3036
1515	3038
1515	3040
1513	3043
1511	3045
1509	3048
1511	3050
1513	3052
1515	3055
1515	3057
1512	3059
1510	3062
1510	3064
1510	3067
1509	3069
1508	3072
1507	3075
1505	3077
1506	3080
1506	3082
1507	3084
1506	3087
1506	3089
1507	3092
1507	3094
1508	3096
1507	3099
1506	3101
1504	3104
1503	3106
1503	3108
1503	3111
1505	3113
1507	3117
1509	3119
1511	3121
1511	3124
1510	3126
1509	3129
1509	3131
1510	3133
1510	3136
1511	3138
1511	3141
1510	3143
1509	3145
1509	3148
1510	3150
1511	3152
1510	3155
1507	3158
1505	3161
1504	3163
1506	3165
1509	3168
1511	3170
1511	3173
1509	3175
1506	3177
1503	3180
1495	3182
1492	3185
1493	3187
1494	3189
1494	3192
1494	3194
1496	3197
1499	3200
1504	3202
1507	3205
1505	3207
1499	3210
1488	3212
1479	3214
1475	3217
1474	3219
1476	3222
1481	3224
1485	3226
1489	3229
1491	3231
1494	3233
1496	3236
1498	3238
1499	3241
1500	3244
1501	3246
1503	3249
1508	3251
1511	3254
1512	3256
1508	3258
1503	3261
1501	3263
1500	3266
1502	3268
1501	3270
1499	3273
1495	3275
1492	3278
1491	3280
1494	3282
1498	3286
1496	3288
1490	3291
1482	3293
1479	3295
1480	3298
1484	3300
1489	3302
1488	3305
1483	3307
1473	3310
1465	3312
1468	3314
1476	3317
1486	3319
1492	3322
1496	3324
1494	3326
1483	3330
1477	3332
1474	3335
1476	3337
1481	3339
1486	3342
1490	3344
1493	3347
1498	3349
1501	3351
1503	3354
1501	3356
1488	3359
1461	3361
1444	3363
1436	3366
1441	3368
1448	3372
1453	3374
1455	3376
1456	3379
1459	3381
1469	3383
1476	3386
1483	3388
1487	3391
1489	3393
1494	3395
1497	3398
1502	3400
1506	3403
1506	3405
1497	3407
1485	3410
1483	3412
1489	3416
1491	3418
1492	3420
1493	3423
1482	3425
1464	3428
1448	3430
1445	3432
1453	3435
1472	3437
1476	3440
1476	3442
1473	3444
1476	3447
1487	3449
1503	3452
1500	3454
1482	3457
1468	3460
1466	3462
1462	3464
1464	3467
1469	3469
1475	3472
1485	3474
1486	3476
1448	3479
1425	3481
1417	3484
1437	3486
1471	3488
1491	3491
1512	3493
1516	3496
1514	3499
1514	3501
1505	3504
1507	3506
1512	3509
1523	3511
1511	3513
1479	3516
1464	3518
1467	3521
1486	3523
1496	3525
1506	3528
1527	3530
1523	3533
1510	3535
1487	3537
1463	3540
1459	3543
1467	3545
1485	3548
1509	3550
1521	3553
1526	3555
1534	3557
1547	3560
1556	3562
1556	3565
1553	3567
1535	3569
1518	3572
1511	3574
1515	3577
1511	3579
1513	3581
1508	3585
1499	3587
1503	3590
1513	3592
1534	3594
1522	3597
1508	3599
1492	3602
1492	3604
1509	3606
1528	3609
1534	3611
1507	3614
1460	3616
1454	3618
1476	3621
1515	3623
1530	3625
1533	3629
1538	3631
1541	3634
1534	3636
1513	3638
1497	3641
1487	3643
1492	3646
1506	3648
1507	3650
1501	3653
1501	3655
1497	3658
1495	3660
1491	3662
1497	3665
1488	3667
1495	3671
1506	3673
1532	3675
1548	3678
1553	3680
1549	3683
1531	3685
1520	3687
1523	3690
1518	3692
1513	3695
1504	3697
1504	3699
1484	3702
1475	3704
1432	3707
1392	3709
1378	3712
1420	3715
1478	3717
1494	3719
1507	3722
1521	3724
1538	3727
1545	3729
1529	3731
1495	3734
1493	3736
1515	3739
1544	3741
1555	3743
1554	3746
1529	3748
1480	3751
1445	3753
1436	3756
1452	3759
1464	3761
1476	3764
1490	3766
1497	3768
1519	3771
1544	3773
1560	3776
1545	3778
1537	3780
1546	3783
1558	3785
1529	3788
1513	3790
1521	3792
1526	3795
1508	3798
1482	3800
1483	3803
1518	3805
1557	3808
1576	3810
1579	3812
1584	3815
1595	3817
1604	3820
1613	3822
1588	3824
1530	3827
1515	3829
1538	3832
1567	3834
1575	3836
1577	3840
1581	3842
1584	3845
1592	3847
1603	3849
1617	3852
1609	3854
1593	3857
1570	3859
1516	3861
1507	3864
1515	3866
1538	3869
1554	3871
1569	3873
1582	3876
1596	3878
1610	3880
1609	3884
1594	3886
1584	3889
1572	3891
1560	3893
1540	3896
1505	3898
1493	3901
1523	3903
1568	3905
1586	3908
1561	3910
1544	3913
1561	3915
1579	3917
1583	3920
1595	3922
1596	3926
1592	3928
1586	3930
1555	3933
1534	3935
1526	3938
1537	3940
1563	3942
1585	3945
1586	3947
1587	3950
1586	3952
1550	3954
1536	3957
1546	3959
1556	3961
1526	3964
1500	3966
1493	3970
1524	3972
1556	3974
1584	3977
1591	3979
1592	3982
1567	3984
1551	3986
1527	3989
1503	3991
1505	3994
1502	3996
1511	3998
1535	4001
1560	4003
1579	4006
1568	4008
1542	4011
1508	4014
1502	4016
1533	4019
1560	4021
1571	4023
1568	4026
1539	4028
1531	4031
1542	4033
1557	4035
1561	4038
1568	4040
1567	4043
1526	4045
1513	4047
1521	4050
1521	4052
1533	4055
1540	4058
1541	4060
1507	4063
1518	4065
1549	4067
1583	4070
1576	4072
1560	4075
1556	4077
1528	4079
1500	4082
1504	4084
1528	4087
1523	4089
1509	4091
1520	4094
1564	4097
1592	4100
1608	4102
1606	4104
1597	4107
1592	4109
1574	4112
1520	4114
1498	4116
1505	4119
1510	4121
1526	4124
1554	4126
1580	4128
1590	4131
1597	4133
1600	4135
1576	4139
1488	4141
1468	4144
1511	4146
1527	4148
1545	4151
1565	4153
1581	4156
1584	4158
1586	4160
1564	4163
1544	4165
1522	4168
1529	4170
1516	4172
1497	4175
1484	4177
1508	4180
1544	4183
1563	4185
1587	4188
1590	4190
1581	4193
1556	4195
1528	4197
1526	4200
1495	4202
1466	4205
1476	4207
1514	4209
1535	4212
1553	4214
1570	4216
1580	4219
1564	4221
1564	4225
1579	4227
1552	4229
1508	4232
1485	4234
1505	4237
1505	4239
1503	4241
1514	4244
1541	4246
1562	4249
1538	4251
1530	4253
1548	4256
1560	4258
1555	4261
1559	4263
1563	4265
1529	4269
1488	4271
1484	4274
1509	4276
1520	4278
1488	4281
1478	4283
1464	4286
1469	4288
1502	4290
1541	4293
1555	4295
1554	4297
1550	4300
1541	4302
1541	4305
1546	4307
1557	4310
1547	4313
1529	4315
1506	4318
1518	4320
1538	4322
1565	4325
1562	4327
1542	4330
1529	4332
1521	4334
1510	4337
1483	4339
1479	4342
1511	4344
1525	4346
1523	4349
1524	4352
1530	4355
1506	4357
1490	4359
1486	4362
1474	4364
1462	4366
1476	4369
1508	4371
1529	4374
1535	4376
1517	4378
1511	4381
1528	4383
1504	4386
1489	4388
1513	4390
1533	4393
1518	4396
1484	4399
1472	4401
1495	4403
1524	4406
1534	4408
1521	4411
1497	4413
1467	4415
1477	4418
1477	4420
1482	4423
1497	4425
1498	4427
1497	4430
1505	4432
1526	4435
1530	4438
1530	4440
1501	4443
1496	4445
1498	4447
1499	4450
1496	4452
1500	4455
1518	4457
1526	4459
1538	4462
1512	4464
1503	4467
1498	4469
1493	4471
1439	4474
1410	4476
1415	4480
1446	4482
1486	4484
1511	4487
1539	4489
1551	4492
1563	4494
1563	4496
1529	4499
1503	4501
1472	4504
1461	4506
1475	4508
1517	4511
1531	4513
1519	4516
1525	4518
1542	4520
1527	4524
1518	4526
1526	4528
1540	4531
1525	4533
1485	4536
1480	4538
1495	4540
1502	4543
1488	4545
1454	4548
1457	4550
1480	4552
1503	4555
1526	4557
1542	4560
1515	4562
1489	4564
1492	4568
1483	4570
1491	4573
1508	4575
1527	4577
1529	4580
1514	4582
1501	4585
1475	4587
1453	4589
1450	4592
1463	4594
1504	4597
1532	4599
1542	4601
1543	4604
1533	4606
1507	4609
1474	4612
1466	4614
1493	4617
1534	4619
1548	4621
1522	4624
1503	4626
1518	4629
1523	4631
1506	4633
1487	4636
1489	4638
1492	4641
1470	4643
1473	4645
1505	4648
1533	4651
1513	4654
1474	4656
1479	4658
1513	4661
1532	4663
1526	4666
1501	4668
1481	4670
1454	4673
1462	4675
1484	4678
1513	4680
1538	4682
1511	4685
1490	4687
1495	4689
1521	4692
1545	4695
1562	4698
1540	4700
1490	4702
1469	4705
1474	4707
1492	4710
1500	4712
1509	4714
1521	4717
1536	4719
1548	4722
1553	4724
1526	4726
1471	4729
1454	4731
1460	4734
1472	4737
1473	4739
1474	4742
1502	4744
1534	4747
1542	4749
1540	4751
1533	4754
1500	4756
1484	4759
1483	4761
1488	4763
1504	4766
1525	4768
1552	4770
1534	4773
1497	4775
1488	4779
1499	4781
1485	4783
1483	4786
1505	4788
1515	4791
1509	4793
1516	4795
1535	4798
1531	4800
1515	4803
1516	4805
1503	4807
1489	4810
1491	4812
1441	4815
1422	4817
1464	4819
1521	4823
1544	4825
1550	4828
1543	4830
1539	4832
1549	4835
1541	4837
1517	4840
1493	4842
1492	4844
1495	4847
1465	4849
1453	4851
1469	4854
1477	4856
1497	4859
1522	4861
1550	4864
1552	4867
1554	4869
1555	4872
1561	4874
1536	4876
1479	4879
1422	4881
1440	4884
1503	4886
1527	4888
1504	4891
1473	4893
1480	4896
1502	4898
1520	4900
1534	4903
1541	4905
1549	4909
1541	4911
1538	4913
1547	4916
1544	4918
1534	4921
1533	4923
1485	4925
1428	4928
1429	4930
1430	4933
1451	4935
1492	4937
1537	4940
1548	4942
1535	4944
1516	4947
1515	4950
1507	4953
1508	4955
1522	4957
1533	4960
1541	4962
1522	4965
1463	4967
1456	4969
1489	4972
1509	4974
1514	4977
1497	4979
1463	4981
1469	4984
1502	4986
1516	4989
1519	4992
1503	4994
1505	4997
1523	4999
1498	5002
1445	5004
1431	5006
1450	5009
1484	5011
1512	5014
1527	5016
1533	5018
1492	5021
1481	5023
1498	5025
1533	5028
1524	5030
1516	5033
1523	5036
1503	5038
1482	5041
1483	5043
1494	5046
1514	5048
1522	5050
1519	5053
1521	5055
1535	5058
1519	5060
1467	5062
1389	5065
1396	5067
1448	5070
1516	5072
1535	5074
1538	5078
1544	5080
1541	5083
1521	5085
1518	5087
1524	5090
1481	5092
1455	5095
1467	5097
1484	5099
1482	5102
1503	5104
1522	5106
1539	5109
1547	5111
1537	5114
1527	5116
1513	5118
1510	5122
1510	5124
1497	5127
1471	5129
1467	5131
1490	5134
1523	5136
1538	5139
1535	5141
1523	5143
1521	5146
1522	5148
1521	5151
1499	5153
1481	5155
1495	5158
1491	5160
1481	5164
1477	5166
1493	5168
1514	5171
1538	5173
1497	5176
1464	5178
1480	5180
1518	5183
1547	5185
1541	5188
1532	5190
1471	5192
1450	5195
1487	5197
1523	5199
1549	5202
1539	5204
1505	5208
1473	5210
1476	5212
1509	5215
1521	5217
1527	5220
1518	5222
1524	5224
1523	5227
1518	5229
1509	5232
1512	5234
1484	5236
1458	5239
1455	5241
1479	5244
1520	5246
1546	5249
1548	5252
1544	5254
1507	5257
1488	5259
1486	5261
1493	5264
1502	5266
1507	5269
1514	5271
1530	5273
1538	5276
1505	5278
1464	5280
1446	5283
1441	5285
1454	5288
1471	5291
1499	5293
1518	5296
1535	5298
1534	5301
1527	5303
1533	5305
1542	5308
1544	5310
1530	5313
1466	5315
1450	5317
1474	5320
1508	5322
1523	5325
1524	5327
1505	5329
1483	5332
1483	5335
1498	5338
1498	5340
1492	5342
1492	5345
1490	5347
1503	5350
1486	5352
1478	5354
1488	5357
1501	5359
1503	5361
1512	5364
1529	5366
1537	5369
1532	5371
1495	5373
1482	5377
1502	5379
1518	5382
1472	5384
1443	5386
1471	5389
1498	5391
1516	5394
1496	5396
1493	5398
1515	5401
1518	5403
1510	5406
1511	5408
1520	5410
1527	5413
1453	5415
1414	5419
1426	5421
1485	5423
1518	5426
1536	5428
1548	5431
1521	5433
1504	5435
1495	5438
1514	5440
1533	5442
1548	5445
1546	5447
1530	5450
1522	5452
1518	5454
1498	5457
1452	5459
1413	5463
1419	5465
1470	5467
1504	5470
1520	5472
1534	5475
1543	5477
1505	5479
1495	5482
1508	5484
1529	5487
1531	5489
1515	5491
1492	5494
1479	5496
1479	5499
1502	5501
1508	5504
1471	5507
1456	5509
1478	5512
1523	5514
1548	5516
1548	5519
1541	5521
1544	5524
1557	5526
1530	5528
1472	5531
1460	5533
1479	5535
1496	5538
1482	5540
1473	5543
1479	5545
1503	5548
1528	5551
1543	5553
1524	5556
1493	5558
1486	5560
1445	5563
1422	5565
1446	5568
1493	5570
1515	5572
1535	5575
1546	5577
1552	5580
1545	5582
1517	5584
1466	5587
1456	5590
1454	5593
1481	5595
1500	5597
1515	5600
1504	5602
1510	5605
1541	5607
1565	5609
1575	5612
1569	5614
1563	5616
1562	5619
1546	5621
1504	5624
1461	5626
1437	5628
1443	5632
1462	5634
1457	5637
1468	5639
1500	5641
1521	5644
1534	5646
1536	5649
1514	5651
1477	5653
1441	5656
1444	5658
1492	5661
1533	5663
1532	5665
1506	5668
1494	5670
1491	5673
1501	5676
1504	5678
1481	5681
1469	5683
1489	5686
1524	5688
1537	5690
1532	5693
1523	5695
1537	5697
1554	5700
1558	5702
1513	5705
1490	5707
1493	5709
1497	5712
1478	5714
1457	5718
1469	5720
1507	5722
1543	5725
1559	5727
1555	5730
1516	5732
1496	5734
1502	5737
1528	5739
1529	5742
1489	5744
1475	5746
1453	5749
1446	5751
1468	5754
1497	5756
1530	5758
1548	5762
1548	5764
1517	5766
1491	5769
1471	5771
1461	5774
1470	5776
1493	5778
1516	5781
1522	5783
1530	5786
1538	5788
1532	5790
1533	5793
1537	5795
1518	5798
1487	5800
1436	5803
1409	5806
1454	5808
1509	5811
1554	5813
1540	5815
1517	5818
1515	5820
1496	5823
1486	5825
1478	5827
1468	5830
1465	5832
1466	5835
1478	5837
1505	5839
1536	5842
1560	5844
1566	5847
1551	5850
1499	5852
1475	5855
1499	5857
1516	5859
1472	5862
1437	5864
1440	5867
1495	5869
1537	5871
1551	5874
1521	5876
1453	5879
1460	5881
1498	5883
1528	5886
1503	5889
1482	5892
1495	5894
1522	5896
1540	5899
1534	5901
1508	5904
1501	5906
1496	5908
1497	5911
1473	5913
1463	5916
1456	5918
1469	5920
1512	5923
1541	5925
1540	5927
1519	5931
1514	5933
1517	5936
1522	5938
1487	5940
1487	5943
1526	5945
1557	5948
1576	5950
1556	5952
1473	5955
1455	5957
1495	5960
1526	5962
1529	5964
1501	5967
1462	5969
1449	5972
1466	5975
1501	5977
1501	5980
1492	5982
1507	5985
1537	5987
1548	5989
1469	5992
1407	5994
1405	5997
1478	5999
1528	6001
1536	6004
1520	6006
1532	6009
1545	6011
1557	6013
1509	6017
1475	6019
1487	6021
1526	6024
1537	6026
1534	6029
1503	6031
1504	6033
1517	6036
1517	6038
1528	6041
1517	6043
1460	6045
1436	6048
1452	6050
1440	6053
1448	6055
1479	6057
1524	6061
1514	6063
1475	6066
1458	6068
1478	6070
1522	6073
1557	6075
1561	6078
1538	6080
1505	6082
1491	6085
1504	6087
1482	6090
1483	6092
1507	6094
1537	6097
1563	6099
1562	6102
1513	6105
1428	6107
1430	6110
1465	6112
1507	6114
1522	6117
1531	6119
1531	6122
1508	6124
1508	6126
1532	6129
1554	6131
1507	6134
1454	6136
1454	6138
1458	6141
1481	6144
1487	6147
1477	6149
1486	6151
1495	6154
1514	6156
1537	6159
1564	6161
1557	6163
1531	6166
1508	6168
1501	6171
1470	6173
1452	6175
1485	6178
1543	6180
1573	6182
1582	6185
1564	6188
1525	6191
1519	6193
1497	6195
1446	6198
1414	6200
1438	6203
1488	6205
1499	6207
1494	6210
1498	6212
1519	6215
1521	6217
1469	6219
1439	6222
1458	6224
1517	6227
1541	6230
1524	6232
1501	6235
1489	6237
1493	6240
1509	6242
1471	6244
1457	6247
1469	6249
1495	6252
1530	6254
1573	6256
1594	6259
1594	6261
1564	6263
1506	6266
1453	6268
1449	6272
1484	6274
1511	6276
1535	6279
1549	6281
1556	6284
1532	6286
1455	6288
1400	6291
1416	6293
1467	6296
1523	6298
1563	6300
1574	6303
1562	6305
1506	6308
1465	6310
1456	6312
1449	6316
1463	6318
1505	6321
1543	6323
1528	6325
1509	6328
1503	6330
1516	6333
1538	6335
1526	6337
1520	6340
1513	6342
1495	6345
1466	6347
1452	6349
1464	6352
1506	6354
1545	6356
1556	6360
1552	6362
1514	6365
1491	6367
1485	6369
1474	6372
1449	6374
1450	6377
1485	6379
1484	6381
1479	6384
1493	6386
1526	6389
1544	6391
1552	6393
1521	6396
1470	6398
1477	6402
1478	6404
1475	6406
1494	6409
1542	6411
1560	6414
1517	6416
1490	6418
1509	6421
1531	6423
1535	6426
1503	6428
1492	6430
1521	6433
1541	6435
1523	6438
1511	6440
1516	6443
1537	6446
1540	6448
1508	6451
1450	6453
1454	6455
1495	6458
1509	6460
1508	6462
1510	6465
1515	6467
1515	6470
1468	6472
1462	6474
1491	6477
1532	6479
1529	6482
1532	6484
1520	6487
1519	6490
1526	6492
1513	6495
1491	6497
1481	6499
1499	6502
1520	6504
1510	6507
1482	6509
1490	6511
1523	6514
1542	6516
1512	6519
1495	6521
1516	6523
1537	6526
1533	6529
1495	6532
1464	6534
1469	6536
1499	6539
1536	6541
1536	6543
1513	6546
1498	6548
1503	6551
1527	6553
1557	6555
1538	6558
1520	6560
1474	6563
1458	6565
1495	6567
1525	6571
1523	6573
1504	6576
1512	6578
1542	6580
1556	6583
1517	6585
1490	6588
1480	6590
1504	6592
1490	6595
1485	6597
1509	6600
1554	6602
1568	6604
1566	6607
1573	6609
1569	6612
1543	6615
1496	6617
1465	6620
1454	6622
1457	6624
1471	6627
1489	6629
1515	6632
1531	6634
1550	6636
1550	6639
1529	6641
1484	6644
1450	6646
1459	6648
1491	6651
1485	6653
1482	6657
1509	6659
1525	6661
1534	6664
1558	6666
1577	6669
1576	6671
1552	6673
1534	6676
1519	6678
1479	6681
1468	6683
1470	6685
1478	6688
1509	6690
1544	6693
1564	6695
1572	6697
1569	6701
1531	6703
1512	6705
1502	6708
1482	6710
1483	6713
1480	6715
1468	6717
1477	6720
1484	6722
1487	6725
1472	6727
1483	6729
1513	6732
1515	6734
1509	6737
1473	6739
1459	6742
1488	6745
1533	6747
1536	6750
1512	6752
1503	6754
1534	6757
1566	6759
1565	6762
1538	6764
1525	6766
1526	6769
1540	6771
1567	6774
1576	6776
1570	6778
1544	6781
1483	6784
1463	6786
1462	6789
1454	6791
1465	6794
1509	6796
1519	6798
1516	6801
1520	6803
1528	6806
1535	6808
1551	6810
1559	6813
1548	6815
1535	6818
1518	6820
1506	6822
1478	6825
1423	6828
1425	6831
1460	6833
1485	6835
1519	6838
1547	6840
1563	6843
1573	6845
1564	6847
1556	6850
1555	6852
1555	6855
1536	6857
1523	6859
1518	6862
1448	6864
1372	6866
1377	6870
1425	6872
1493	6875
1533	6877
1543	6879
1534	6882
1502	6884
1491	6887
1477	6889
1427	6891
1428	6894
1468	6896
1506	6899
1528	6901
1531	6903
1528	6906
1511	6908
1512	6912
1513	6914
1518	6916
1535	6919
1526	6921
1479	6924
1465	6926
1491	6928
1475	6931
1438	6933
1446	6936
1505	6938
1565	6940
1580	6943
1520	6945
1454	6947
1426	6950
1453	6952
1505	6956
1532	6958
1554	6960
1552	6963
1548	6965
1522	6968
1503	6970
1510	6972
1517	6975
1511	6977
1487	6980
1468	6982
1468	6984
1493	6987
1503	6989
1512	6992
1534	6994
1525	6996
1503	7000
1461	7002
1468	7005
1500	7007
1531	7009
1511	7012
1516	7014
1537	7017
1532	7019
1537	7021
1551	7024
1531	7026
1483	7028
1467	7031
1472	7033
1493	7036
1530	7038
1546	7041
1547	7044
1554	7046
1552	7049
1531	7051
1503	7053
1465	7056
1444	7058
1472	7061
1490	7063
1501	7065
1502	7068
1516	7070
1518	7073
1528	7075
1534	7077
1519	7080
1466	7083
1444	7086
1446	7088
1452	7090
1490	7093
1541	7095
1560	7098
1558	7100
1552	7102
1546	7105
1525	7107
1513	7110
1497	7112
1492	7114
1463	7117
1453	7119
1479	7121
1497	7124
1513	7127
1537	7130
1553	7132
1491	7134
1461	7137
1452	7139
1476	7142
1502	7144
1507	7146
1514	7149
1493	7151
1488	7154
1510	7156
1547	7158
1571	7161
1581	7163
1570	7166
1539	7169
1511	7171
1486	7174
1463	7176
1436	7179
1411	7181
1441	7183
1500	7186
1556	7188
1567	7190
1546	7193
1522	7195
1526	7198
1510	7200
1443	7202
1417	7205
1425	7207
1452	7211
1494	7213
1538	7215
1570	7218
1585	7220
1576	7223
1562	7225
1546	7227
1523	7230
1481	7232
1410	7235
1383	7237
1419	7239
1485	7242
1525	7244
1558	7247
1571	7249
1543	7251
1519	7255
1509	7257
1512	7260
1502	7262
1474	7264
1409	7267
1419	7269
1460	7272
1525	7274
1574	7276
1585	7279
1557	7281
1493	7283
1450	7286
1451	7288
1478	7291
1482	7293
1448	7296
1429	7299
1448	7301
1504	7304
1538	7306
1550	7308
1528	7311
1516	7313
1527	7316
1541	7318
1471	7320
1442	7323
1487	7325
1536	7328
1577	7330
1583	7332
1570	7335
1542	7337
1522	7341
1516	7343
1529	7345
1556	7348
1555	7350
1504	7353
1479	7355
1478	7357
1500	7360
1491	7362
1480	7364
1488	7367
1495	7369
1466	7372
1466	7374
1491	7376
1494	7379
1482	7382
1487	7385
1517	7387
1545	7389
1559	7392
1556	7394
1540	7397
1515	7399
1501	7401
1506	7404
1515	7406
1509	7409
1503	7411
1500	7413
1504	7416
1518	7418
1500	7421
1427	7424
1430	7426
1468	7429
1525	7431
1558	7434
1576	7436
1581	7438
1577	7441
1527	7443
1476	7445
1439	7448
1453	7450
1476	7453
1443	7455
1425	7457
1451	7460
1485	7462
1488	7465
1491	7468
1515	7470
1533	7473
1531	7475
1519	7478
1481	7480
1472	7482
1484	7485
1509	7487
1523	7490
1543	7492
1547	7494
1525	7497
1525	7499
1534	7502
1544	7504
1551	7506
1545	7510
1535	7512
1503	7515
1448	7517
1435	7519
1454	7522
1480	7524
1472	7526
1454	7529
1444	7531
1461	7534
1507	7536
1538	7538
1526	7541
1499	7543
1506	7546
1523	7548
1521	7550
1500	7554
1441	7556
1421	7559
1472	7561
1536	7563
1565	7566
1567	7568
1526	7571
1507	7573
1488	7575
1485	7578
1511	7580
1532	7583
1525	7585
1469	7587
1447	7590
1462	7592
1508	7596
1545	7598
1569	7600
1555	7603
1514	7605
1458	7607
1430	7610
1429	7612
1474	7615
1527	7617
1549	7619
1522	7622
1465	7624
1455	7627
1475	7629
1511	7631
1537	7634
1526	7636
1473	7640
1429	7642
1437	7644
1474	7647
1515	7649
1500	7652
1478	7654
1489	7656
1534	7659
1570	7661
1561	7664
1521	7666
1484	7668
1497	7671
1513	7673
1523	7676
1507	7678
1432	7681
1391	7684
1414	7686
1491	7688
1550	7691
1545	7693
1462	7696
1421	7698
1451	7700
1492	7703
1541	7705
1532	7708
1500	7710
1488	7712
1474	7715
1437	7717
1437	7720
1489	7723
1540	7725
1546	7728
1526	7730
1514	7733
1541	7735
1553	7737
1513	7740
1462	7742
1444	7745
1458	7747
1507	7749
1560	7752
1587	7754
1580	7757
1539	7759
1518	7761
1539	7764
1565	7767
1570	7769
1523	7772
1503	7774
1425	7777
1397	7779
1444	7781
1495	7784
1526	7786
1514	7789
1503	7791
1489	7793
1492	7796
1513	7798
1537	7801
1554	7803
1516	7805
1470	7809
1471	7811
1508	7814
1554	7816
1562	7818
1554	7821
1535	7823
1509	7826
1490	7828
1467	7830
1452	7833
1479	7835
1510	7838
1513	7840
1482	7842
1465	7845
1474	7847
1482	7849
1493	7853
1509	7855
1520	7858
1511	7860
1476	7862
1481	7865
1512	7867
1529	7870
1485	7872
1459	7874
1454	7877
1478	7879
1503	7882
1476	7884
1462	7886
1486	7889
1522	7891
1536	7895
1546	7897
1559	7899
1543	7902
1521	7904
1494	7907
1506	7909
1512	7911
1508	7914
1518	7916
1538	7919
1509	7921
1467	7923
1467	7926
1498	7928
1521	7930
1539	7933
1541	7936
1535	7939
1535	7941
1548	7943
1563	7946
1530	7948
1432	7951
1357	7953
1374	7955
1431	7958
1519	7960
1576	7963
1570	7965
1540	7967
1520	7970
1539	7972
1557	7975
1555	7977
1491	7980
1422	7983
1427	7985
1489	7988
1544	7990
1509	7992
1476	7995
1460	7997
1486	8000
1517	8002
1539	8004
1547	8007
1497	8009
1448	8012
1431	8014
1460	8016
1511	8019
1536	8022
1562	8024
1565	8027
1504	8029
1469	8032
1478	8034
1516	8036
1535	8039
1551	8041
1546	8044
1473	8046
1435	8048
1453	8051
1509	8053
1538	8056
1545	8058
1533	8060
1510	8064
1509	8066
1510	8069
1507	8071
1514	8073
1508	8076
1505	8078
1423	8081
1373	8083
1395	8085
1467	8088
1521	8090
1526	8093
1520	8095
1492	8097
1496	8100
1526	8102
1547	8104
1540	8108
1510	8110
1496	8113
1494	8115
1487	8117
1490	8120
1511	8122
1527	8125
1518	8127
1506	8129
1493	8132
1484	8134
1506	8137
1533	8139
1557	8141
1554	8144
1537	8146
1532	8150
1544	8152
1557	8154
1563	8157
1556	8159
1535	8162
1449	8164
1407	8166
1420	8169
1464	8171
1486	8174
1499	8176
1520	8178
1537	8181
1526	8183
1510	8185
1501	8188
1504	8190
1513	8194
1527	8196
1525	8198
1471	8201
1449	8203
1460	8206
1491	8208
1492	8210
1482	8213
1491	8215
1521	8218
1529	8220
1533	8222
1543	8225
1551	8227
1552	8230
1535	8232
1512	8235
1509	8238
1504	8240
1504	8243
1507	8245
1509	8247
1511	8250
1513	8252
1511	8255
1496	8257
1488	8259
1487	8262
1500	8264
1500	8266
1487	8269
1485	8271
1485	8274
1486	8276
1493	8279
1504	8282
1460	8284
1414	8287
1342	8289
1336	8291
1397	8294
1457	8296
1499	8299
1516	8301
1530	8303
1543	8306
1558	8308
1563	8311
1561	8313
1552	8315
1541	8318
1523	8321
1517	8324
1519	8326
1520	8328
1522	8331
1506	8333
1475	8336
1467	8338
1473	8340
1488	8343
1484	8345
1477	8347
1472	8350
1487	8352
1495	8355
1511	8357
1527	8359
1542	8363
1538	8365
1527	8368
1524	8370
1528	8372
1529	8375
1518	8377
1494	8380
1482	8382
1481	8384
1488	8387
1506	8389
1500	8392
1462	8394
1458	8396
1483	8399
1518	8401
1536	8404
1544	8407
1534	8409
1525	8412
1529	8414
1531	8417
1495	8419
1463	8421
1439	8424
1427	8426
1415	8428
1446	8431
1482	8433
1521	8436
1549	8438
1561	8440
1568	8443
1560	8445
1545	8449
1540	8451
1540	8453
1541	8456
1543	8458
1543	8461
1539	8463
1532	8465
1517	8468
1511	8470
1498	8473
1496	8475
1495	8477
1498	8480
1505	8482
1512	8485
1517	8487
1498	8489
1489	8493
1502	8495
1512	8498
1520	8500
1513	8502
1502	8505
1498	8507
1500	8510
1510	8512
1517	8514
1512	8517
1510	8519
1514	8521
1518	8524
1524	8526
1526	8529
1524	8531
1521	8534
1512	8537
1504	8539
1502	8542
1505	8544
1509	8546
1510	8549
1509	8551
1508	8554
1506	8556
1506	8558
1506	8561
1505	8563
1502	8566
1491	8568
1471	8570
1465	8573
1471	8576
1477	8579
1482	8581
1484	8583
1489	8586
1494	8588
1499	8590
1500	8593
1500	8595
1502	8598
1504	8600
1503	8602
1505	8605
1507	8607
1509	8610
1508	8612
1507	8614
1507	8617
1506	8620
1507	8623
1509	8625
1513	8627
1515	8630
1514	8632
1512	8635
1511	8637
1513	8639
1514	8642
1516	8644
1517	8647
1516	8649
1514	8651
1512	8654
1512	8656
1511	8659
1512	8662
1513	8664
1512	8667
1511	8669
1508	8671
1508	8674
1509	8676
1507	8679
1505	8681
1504	8683
1499	8686
1493	8688
1489	8691
1495	8693
1502	8695
1505	8698
1507	8700
1507	8704
1508	8706
1510	8708
1512	8711
1513	8713
1512	8716
1508	8718
1505	8720
1504	8723
1504	8725
1507	8728
1508	8730
1507	8732
1506	8735
1505	8737
1505	8740
1506	8742
1508	8744
1509	8748
1507	8750
1506	8752
1505	8755
1506	8757
1509	8760
1511	8762
1512	8764
1511	8767
1510	8769
1510	8772
1512	8774
1516	8776
1518	8779
1520	8781
1519	8784
1519	8786
1519	8788
1521	8792
1523	8794
1526	8797
1527	8799
1525	8801
1524	8804
1524	8806
1527	8809
1530	8811
1532	8813
1532	8816
1529	8818
1527	8821
1527	8823
1529	8825
1532	8828
1532	8830
1532	8833
1530	8836
1528	8838
1528	8841
1530	8843
1531	8845
1531	8848
1529	8850
1526	8853
1524	8855
1524	8857
1525	8860
1526	8862
1526	8865
1524	8867
1522	8869
1521	8872
1521	8875
1523	8878
1524	8880
1524	8882
1522	8885
1520	8887
1518	8890
1519	8892
1521	8894
1522	8897
1521	8899
1518	8902
1514	8904
1513	8906
1514	8909
1516	8911
1516	8913
1514	8916
1512	8919
1509	8922
1506	8924
1506	8926
1507	8929
1509	8931
1510	8934
1509	8936
1508	8938
1510	8941
1511	8943
1514	8946
1514	8948
1513	8950
1511	8953
1511	8955
1512	8958
1514	8961
1516	8963
1516	8966
1514	8968
1512	8971
1511	8973
1512	8975
1515	8978
1515	8980
1515	8983
1513	8985
1509	8987
1509	8990
1509	8992
1512	8995
1512	8997
1512	8999
1509	9003
1507	9005
1507	9007
1508	9010
1510	9012
1510	9015
1509	9017
1506	9019
1503	9022
1504	9024
1505	9027
1506	9029
1506	9031
1505	9034
1503	9036
1502	9039
1501	9041
1502	9043
1504	9047
1504	9049
1502	9052
1500	9054
1499	9056
1500	9059
1503	9061
1505	9064
1505	9066
1503	9068
1501	9071
1498	9073
1499	9076
1503	9078
1504	9080
1505	9083
1503	9085
1501	9088
1502	9091
1504	9093
1506	9096
1508	9098
1508	9100
1507	9103
1506	9105
1507	9108
1510	9110
1513	9112
1515	9115
1514	9117
1513	9120
1512	9122
1513	9124
1515	9127
1518	9129
1518	9133
1517	9135
1515	9137
1513	9140
1515	9142
1516	9145
1518	9147
1516	9149
1513	9152
1511	9154
1510	9157
1511	9159
1513	9161
1514	9164
1513	9166
1509	9169
1506	9171
1504	9174
1503	9177
1504	9179
1503	9181
1500	9184
1496	9186
1492	9189
1491	9191
1490	9193
1490	9196
1489	9198
1486	9201
1482	9203
1477	9205
1476	9208
1476	9210
1476	9213
1474	9216
1471	9218
1466	9221
1463	9223
1461	9226
1461	9228
1461	9230
1458	9233
1454	9235
1450	9238
1446	9240
1444	9242
1444	9245
1442	9247
1439	9250
1432	9252
1427	9254
1421	9257
1417	9260
1414	9262
1412	9265
1408	9267
1401	9270
1394	9272
1391	9274
1387	9277
1386	9279
1383	9282
1378	9284
1372	9286
1367	9289
1365	9291
1364	9294
1363	9296
1362	9298
1359	9302
1355	9304
1351	9307
1351	9309
1351	9311
1353	9314
1352	9316
1351	9319
1348	9321
1346	9323
1347	9326
1349	9328
1351	9331
1351	9333
1350	9335
1348	9338
1347	9340
1349	9342
1352	9346
1355	9348
1356	9351
1355	9353
1355	9355
1356	9358
1359	9360
1364	9363
1367	9365
1369	9367
1369	9370
1369	9372
1371	9375
1376	9377
1381	9379
1384	9382
1387	9384
1387	9388
1389	9390
1391	9392
1397	9395
1403	9397
1408	9400
1410	9402
1412	9404
1415	9407
1419	9409
1425	9412
1432	9414
1437	9416
1439	9419
1440	9421
1443	9423
1449	9426
1454	9428
1460	9432
1465	9434
1466	9436
1466	9439
1467	9441
1470	9444
1475	9446
1480	9448
1483	9451
1483	9453
1483	9456
1485	9458
1489	9460
1494	9463
1496	9465
1498	9468
1497	9470
1496	9473
1498	9476
1502	9478
1506	9481
1508	9483
1508	9485
1507	9488
1507	9490
1508	9493
1512	9495
1516	9497
1517	9500
1516	9502
1513	9505
1510	9507
1511	9509
1516	9512
1522	9515
1525	9517
1524	9520
1522	9522
1522	9525
1524	9527
1527	9529
1530	9532
1531	9534
1529	9537
1528	9539
1528	9541
1531	9544
1533	9546
1536	9549
1535	9551
1533	9553
1531	9556
1531	9559
1534	9562
1537	9564
1539	9566
1538	9569
1532	9571
1527	9574
1528	9576
1532	9578
1537	9581
1539	9583
1539	9586
1537	9588
1535	9590
1535	9593
1538	9595
1542	9598
1544	9601
1543	9603
1541	9606
1541	9608
1543	9610
1545	9613
1547	9615
1546	9618
1544	9620
1541	9622
1541	9625
1544	9627
1546	9630
1548	9632
1548	9634
1545	9637
1544	9639
1543	9643
1545	9645
1547	9647
1549	9650
1547	9652
1544	9655
1543	9657
1543	9659
1545	9662
1548	9664
1548	9667
1546	9669
1543	9671
1541	9674
1541	9676
1544	9679
1546	9681
1546	9683
1544	9687
1541	9689
1540	9691
1540	9694
1543	9696
1545	9699
1545	9701
1543	9703
1540	9706
1539	9708
1541	9711
1543	9713
1544	9715
1544	9718
1541	9720
1539	9723
1538	9725
1540	9728
1542	9731
1544	9733
1542	9736
1539	9738
1538	9740
1537	9743
1539	9745
1541	9748
1542	9750
1541	9752
1538	9755
1536	9757
1536	9760
1538	9762
1541	9764
1541	9767
1539	9769
1536	9773
1535	9775
1536	9777
1539	9780
1541	9782
1540	9784
1538	9787
1535	9789
1534	9792
1536	9794
1538	9796
1540	9799
1540	9801
1538	9804
1536	9806
1535	9808
1537	9811
1539	9814
1540	9817
1539	9819
1537	9821
1535	9824
1535	9826
1537	9829
1538	9831
1539	9833
1538	9836
1535	9838
1534	9841
1534	9843
1536	9845
1538	9848
1539	9850
1537	9853
1535	9856
1534	9858
1535	9861
1537	9863
1539	9865
1539	9868
1537	9870
1534	9873
1533	9875
1534	9877
1537	9880
1539	9882
1538	9885
1536	9887
1533	9889
1532	9892
1534	9894
1537	9897
1538	9900
1537	9902
1535	9905
1532	9907
1532	9910
1534	9912
1536	9914
1537	9917
1536	9919
1533	9922
1531	9924
1531	9926
1533	9929
1535	9931
1535	9934
1533	9936
1530	9938
1528	9942
1528	9944
1530	9946
1532	9949
1532	9951
1529	9954
1526	9956
1525	9958
1526	9961
1528	9963
1529	9966
1529	9968
1526	9970
1523	9973
1522	9975
1523	9978
1526	9980
1527	9982
1526	9986
1523	9988
1520	9991
1519	9993
1521	9995
1523	9998
1524	10000
1522	10003
1520	10005
1517	10007
1517	10010
1519	10012
1521	10015
1521	10017
1519	10020
1515	10022
1513	10025
1514	10028
1517	10030
1518	10033
1517	10035
1514	10038
1512	10040
1511	10043
1512	10045
1515	10048
1516	10050
1514	10052
1511	10055
1509	10057
1509	10060
1512	10062
1514	10065
1514	10067
1511	10071
1509	10073
1507	10075
1508	10078
1510	10080
1512	10083
1511	10085
1508	10088
1506	10090
1505	10093
1507	10095
1509	10097
1510	10100
1508	10102
1505	10105
1503	10107
1503	10110
1505	10113
1507	10116
1507	10118
1505	10121
1501	10123
1500	10125
1501	10128
1503	10130
1505	10133
1504	10135
1502	10138
1499	10140
1499	10143
1500	10145
1503	10147
1504	10150
1503	10152
1500	10156
1498	10158
1498	10161
1501	10163
1503	10166
1503	10168
1501	10170
1498	10173
1498	10175
1498	10178
1501	10180
1503	10183
1503	10185
1501	10188
1499	10190
1498	10192
1500	10195
1503	10198
1504	10201
1503	10203
1501	10206
1499	10208
1499	10211
1501	10213
1504	10215
1504	10218
1502	10220
1499	10223
1498	10225
1499	10228
1502	10230
1504	10233
1503	10235
1501	10237
1498	10241
1497	10243
1499	10246
1502	10248
1503	10251
1502	10253
1499	10256
1497	10258
1497	10260
1499	10263
1502	10265
1502	10268
1501	10270
1498	10273
1496	10275
1497	10278
1500	10280
1502	10283
1502	10286
1499	10288
1497	10291
1496	10293
1497	10296
1500	10298
1502	10300
1500	10303
1497	10305
1496	10308
1496	10310
1498	10313
1501	10315
1501	10318
1499	10320
1497	10322
1495	10326
1496	10328
1499	10331
1501	10333
1501	10336
1499	10338
1496	10341
1496	10343
1497	10345
1500	10348
1501	10350
1500	10353
1497	10355
1496	10358
1496	10360
1498	10363
1500	10365
1501	10368
1499	10371
1496	10373
1495	10376
1496	10378
1499	10381
1501	10383
1500	10386
1498	10388
1496	10390
1496	10393
1498	10395
1501	10398
1502	10400
1501	10403
1499	10405
1499	10408
1501	10411
1503	10413
1504	10416
1504	10418
1502	10421
1501	10423
1502	10426
1504	10428
1505	10431
1506	10433
1505	10435
1503	10438
1502	10440
1503	10443
1505	10445
1506	10448
1506	10450
1504	10454
1502	10456
1502	10458
1503	10461
1505	10463
1505	10466
1505	10468
1503	10471
1502	10473
1502	10476
1504	10478
1505	10480
1506	10483
1505	10485
1503	10488
1503	10490
1504	10493
1506	10496
1507	10499
1506	10501
1505	10503
1503	10506
1503	10508
1504	10511
1506	10513
1507	10516
1505	10518
1504	10521
1502	10523
1503	10525
1504	10528
1506	10530
1506	10533
1505	10535
1503	10539
1502	10541
1503	10544
1505	10546
1506	10548
1506	10551
1504	10553
1502	10556
1502	10558
1504	10561
1506	10563
1507	10566
1506	10568
1504	10570
1503	10573
1503	10575
1505	10578
1507	10580
1507	10584
1506	10586
1504	10589
1503	10591
1505	10593
1507	10596
1508	10598
1508	10601
1507	10603
1505	10606
1505	10608
1507	10611
1508	10613
1510	10615
1509	10618
1507	10620
1506	10624
1506	10626
1508	10629
1510	10631
1510	10634
1509	10636
1507	10638
1506	10641
1507	10643
1509	10646
1511	10648
1510	10651
1509	10653
1507	10656
1507	10658
1508	10660
1510	10663
1511	10665
1510	10669
1508	10671
1507	10674
1507	10676
1508	10679
1510	10681
1511	10683
1509	10686
1507	10688
1506	10691
1507	10693
1509	10696
1511	10698
1511	10701
1508	10703
1507	10705
1505	10708
1506	10711
1509	10714
1510	10716
1510	10719
1507	10721
1505	10724
1505	10726
1507	10728
1509	10731
1509	10733
1508	10736
1506	10738
1505	10741
1505	10743
1507	10746
1509	10748
1508	10750
1506	10754
1505	10756
1505	10759
1506	10761
1508	10764
1509	10766
1508	10769
1506	10771
1505	10773
1506	10776
1507	10778
1509	10781
1509	10783
1508	10786
1506	10788
1505	10791
1506	10793
1508	10796
1509	10799
1508	10801
1507	10804
1505	10806
1505	10809
1506	10811
1508	10814
1509	10816
1508	10818
1506	10821
1505	10823
1505	10826
1507	10828
1509	10831
1509	10833
1508	10836
1506	10839
1505	10841
1506	10844
1508	10846
1509	10849
1509	10851
1508	10854
1506	10856
1506	10859
1508	10861
1509	10863
1511	10866
1510	10868
1508	10871
1507	10873
1507	10876
1509	10878
1511	10882
1512	10884
1510	10887
1508	10889
1508	10891
1509	10894
1511	10896
1512	10899
1512	10901
1511	10904
1509	10906
1509	10909
1510	10911
1512	10913
1513	10916
1513	10918
1511	10921
1509	10924
1510	10927
1511	10929
1513	10932
1514	10934
1512	10936
1510	10939
1509	10941
1510	10944
1512	10946
1514	10949
1514	10951
1512	10954
1510	10956
1510	10958
1511	10961
1513	10963
1514	10967
1513	10969
1511	10972
1509	10974
1509	10977
1511	10979
1513	10981
1513	10984
1512	10986
1509	10989
1508	10991
1509	10994
1511	10996
1513	10999
1513	11001
1511	11003
1509	11006
1509	11009
1510	11012
1513	11014
1515	11017
1514	11019
1512	11022
1510	11024
1510	11026
1512	11029
1515	11031
1515	11034
1514	11036
1511	11039
1510	11041
1511	11044
1513	11046
1515	11048
1515	11052
1513	11054
1511	11057
1510	11059
1512	11062
1514	11064
1516	11067
1515	11069
1513	11071
1511	11074
1511	11076
1513	11079
1516	11081
1516	11084
1515	11086
1513	11089
1512	11091
1513	11094
1515	11097
1517	11099
1517	11102
1515	11104
1512	11107
1511	11109
1513	11112
1515	11114
1517	11116
1517	11119
1514	11121
1511	11124
1511	11126
1513	11129
1516	11131
1519	11134
1518	11137
1515	11140
1512	11142
1511	11144
1513	11147
1516	11149
1518	11152
1516	11154
1513	11157
1510	11159
1510	11162
1513	11164
1515	11166
1516	11169
1513	11171
1509	11174
1507	11176
1509	11180
1512	11182
1514	11185
1513	11187
1510	11189
1507	11192
1506	11194
1508	11197
1511	11199
1513	11202
1511	11204
1509	11207
1508	11209
1509	11211
1512	11214
1514	11216
1513	11219
1510	11222
1509	11225
1509	11227
1512	11230
1514	11232
1515	11234
1514	11237
1511	11239
1510	11242
1511	11244
1514	11247
1515	11249
1515	11252
1513	11254
1512	11256
1512	11259
1513	11261
1515	11265
1516	11267
1516	11270
1513	11272
1512	11275
1512	11277
1514	11280
1516	11282
1517	11284
1515	11287
1513	11289
1512	11292
1513	11294
1515	11297
1517	11299
1516	11301
1514	11304
1512	11307
1512	11310
1513	11312
1515	11315
1515	11317
1514	11320
1512	11322
1510	11324
1510	11327
1511	11329
1513	11332
1514	11334
1512	11337
1510	11339
1509	11342
1510	11344
1512	11347
1514	11350
1514	11352
1512	11355
1510	11357
1510	11360
1512	11362
1514	11365
1515	11367
1515	11370
1512	11372
1511	11374
1512	11377
1514	11379
1516	11382
1516	11384
1515	11387
1513	11389
1512	11393
1514	11395
1516	11397
1518	11400
1518	11402
1516	11405
1514	11407
1514	11410
1516	11412
1518	11415
1519	11417
1519	11419
1517	11422
1515	11424
1515	11427
1517	11429
1519	11432
1519	11435
1518	11438
1516	11440
1515	11442
1516	11445
1518	11447
1519	11450
1519	11452
1517	11455
1515	11457
1515	11460
1516	11462
1518	11464
1519	11467
1518	11469
1516	11472
1515	11474
1515	11478
1517	11480
1519	11483
1519	11485
1518	11487
1516	11490
1515	11492
1516	11495
1518	11497
1520	11500
1519	11502
1518	11505
1516	11507
1515	11509
1517	11512
1519	11514
1520	11517
1519	11520
1516	11523
1515	11525
1515	11528
1517	11530
1519	11532
1519	11535
1518	11537
1516	11540
1515	11542
1516	11545
1518	11547
1519	11550
1518	11552
1517	11554
1514	11557
1513	11559
1515	11563
1517	11565
1517	11568
1516	11570
1514	11573
1512	11575
1512	11578
1514	11580
1515	11582
1515	11585
1513	11587
1510	11590
1509	11592
1510	11595
1512	11597
1513	11600
1513	11602
1511	11604
1509	11608
1509	11610
1510	11613
1513	11615
1513	11618
1512	11620
1511	11623
1509	11625
1510	11627
1512	11630
1514	11632
1514	11635
1513	11637
1510	11640
1509	11642
1511	11645
1513	11648
1514	11650
1514	11653
1512	11655
1510	11658
1510	11660
1511	11663
1513	11665
1515	11668
1513	11670
1511	11672
1510	11675
1510	11677
1512	11680
1514	11682
1514	11685
1512	11687
1511	11691
1509	11693
1510	11695
1512	11698
1514	11700
1513	11703
1511	11705
1508	11708
1508	11710
1509	11713
1511	11715
1512	11717
1511	11720
1508	11722
1507	11725
1508	11727
1509	11730
1511	11732
1511	11736
1509	11738
1507	11740
1506	11743
1507	11745
1509	11748
1511	11750
1510	11753
1508	11755
1506	11758
1506	11760
1507	11762
1509	11765
1510	11767
1509	11770
1507	11772
1506	11776
1507	11778
1510	11781
1511	11783
1512	11785
1510	11788
1508	11790
1507	11793
1508	11795
1510	11798
1512	11800
1512	11803
1510	11805
1508	11808
1508	11810
1511	11812
1513	11815
1514	11817
1514	11821
1512	11823
1511	11826
1512	11828
1515	11831
1517	11833
1518	11835
1516	11838
1514	11840
1513	11843
1514	11845
1517	11848
1519	11850
1520	11853
1518	11855
1515	11857
1514	11860
1516	11863
1519	11866
1521	11868
1521	11871
1518	11873
1516	11876
1516	11878
1518	11880
1522	11883
1523	11885
1521	11888
1519	11890
1517	11893
1518	11895
1521	11898
1524	11900
1524	11902
1521	11906
1519	11908
1518	11911
1519	11913
1522	11916
1524	11918
1524	11921
1521	11923
1518	11925
1518	11928
1521	11930
1523	11933
1524	11935
1522	11938
1519	11940
1519	11943
1520	11945
1522	11948
1524	11951
1523	11953
1522	11956
1520	11958
1519	11961
1521	11963
1523	11966
1524	11968
1523	11971
1521	11973
1519	11975
1520	11978
1522	11980
1524	11983
1524	11985
1522	11988
1520	11991
1519	11994
1519	11996
1521	11998
1522	12001
