Device found. I2C connections are good.
1511	2
1511	5
1511	7
1511	9
1511	11
1511	14
1511	16
1512	18
1511	20
1511	23
1511	25
1511	27
1511	30
1511	32
1511	34
1511	36
1511	39
1511	41
1511	44
1511	47
1511	49
1511	51
1511	53
1511	56
1511	58
1511	60
1511	63
1511	65
1511	67
1511	70
1511	72
1511	74
1511	76
1511	79
1511	81
1511	83
1511	87
1511	89
1511	91
1512	93
1512	96
1512	98
1512	100
1512	103
1512	105
1512	107
1512	110
1512	112
1512	114
1512	117
1512	119
1512	121
1512	124
1512	126
1512	129
1512	132
1511	134
1512	136
1512	139
1512	141
1512	144
1512	146
1512	148
1512	151
1512	153
1512	155
1512	158
1512	160
1512	162
1512	165
1512	167
1511	169
1511	173
1511	175
1511	177
1511	180
1512	182
1511	184
1511	187
1511	189
1511	191
1511	194
1511	196
1511	198
1511	201
1511	203
1511	205
1510	208
1510	210
1510	214
1510	216
1510	218
1510	221
1510	223
1510	225
1510	228
1510	230
1510	232
1510	235
1510	237
1510	239
1510	242
1510	244
1510	246
1510	249
1510	251
1510	253
1510	257
1510	259
1510	261
1510	264
1510	266
1510	268
1509	271
1509	273
1509	275
1510	278
1509	280
1509	283
1509	285
1510	287
1509	290
1509	292
1509	294
1509	297
1509	300
1509	302
1509	305
1509	307
1509	309
1509	312
1509	314
1509	316
1509	319
1509	321
1509	323
1509	326
1508	328
1508	330
1508	333
1508	335
1508	337
1507	340
1507	343
1507	345
1507	348
1507	350
1507	353
1507	355
1507	357
1507	360
1507	362
1508	364
1508	367
1508	369
1508	371
1508	374
1508	376
1508	378
1508	381
1508	384
1508	386
1508	389
1508	391
1508	393
1508	396
1508	398
1508	400
1508	403
1508	405
1508	407
1508	410
1508	412
1508	414
1508	417
1508	419
1508	422
1508	424
1508	427
1508	430
1508	432
1508	434
1508	437
1508	439
1508	441
1508	444
1508	446
1508	448
1508	451
1507	453
1507	455
1507	458
1507	460
1507	462
1507	465
1507	467
1507	470
1507	473
1507	475
1507	477
1507	480
1507	482
1507	484
1507	487
1507	489
1507	492
1507	494
1507	496
1507	499
1507	501
1507	503
1507	506
1507	508
1507	510
1507	514
1507	516
1507	518
1507	521
1507	523
1507	525
1507	528
1507	530
1507	532
1507	535
1507	537
1507	539
1507	542
1507	544
1507	546
1507	549
1507	551
1507	553
1507	557
1507	559
1507	562
1507	564
1507	566
1507	569
1507	571
1507	573
1507	576
1507	578
1507	580
1507	583
1507	585
1507	587
1507	590
1507	592
1506	594
1507	598
1506	600
1507	602
1507	605
1507	607
1507	609
1507	612
1507	614
1507	616
1507	619
1507	621
1507	623
1507	626
1507	628
1507	631
1507	633
1507	635
1507	638
1507	641
1507	643
1507	646
1507	648
1507	650
1508	653
1508	655
1508	657
1508	660
1508	662
1508	664
1508	667
1508	669
1508	671
1508	674
1508	676
1508	678
1508	681
1508	684
1508	686
1508	689
1508	691
1508	693
1508	696
1508	698
1508	701
1508	703
1508	705
1508	708
1508	710
1508	712
1508	715
1508	717
1508	719
1508	722
1508	724
1508	727
1508	730
1508	732
1508	734
1508	737
1508	739
1508	741
1508	744
1508	746
1508	748
1508	751
1508	753
1508	755
1508	758
1508	760
1508	762
1508	765
1509	768
1509	771
1509	773
1509	775
1510	778
1510	780
1510	782
1510	785
1511	787
1511	789
1511	792
1511	794
1511	796
1511	799
1511	801
1511	803
1511	806
1511	808
1511	811
1511	814
1511	816
1511	818
1511	821
1512	823
1512	825
1511	828
1511	830
1511	832
1511	835
1512	837
1512	840
1512	842
1511	844
1511	847
1511	849
1512	851
1512	855
1512	857
1512	859
1511	862
1511	864
1511	866
1511	869
1511	871
1511	873
1511	876
1511	878
1511	880
1511	883
1511	885
1511	887
1511	890
1511	892
1511	894
1511	898
1511	900
1511	902
1511	905
1511	907
1511	910
1511	912
1511	914
1512	917
1511	919
1512	921
1511	924
1512	926
1512	928
1512	931
1512	933
1512	935
1511	939
1511	941
1511	943
1511	946
1511	948
1511	950
1511	953
1511	955
1511	957
1511	960
1511	962
1511	964
1511	967
1511	969
1511	971
1511	974
1511	976
1511	978
1510	982
1510	984
1510	987
1510	989
1510	991
1510	994
1510	996
1510	998
1511	1001
1511	1003
1511	1005
1511	1008
1511	1010
1511	1013
1511	1015
1511	1017
1511	1020
1511	1022
1511	1026
1511	1028
1511	1030
1511	1033
1511	1035
1510	1037
1510	1040
1510	1042
1510	1045
1510	1047
1510	1049
1510	1052
1510	1054
1510	1057
1509	1059
1509	1061
1509	1064
1509	1067
1509	1070
1509	1072
1509	1074
1509	1077
1509	1079
1509	1082
1509	1084
1509	1086
1509	1089
1509	1091
1509	1094
1509	1096
1509	1098
1509	1101
1509	1103
1509	1106
1510	1108
1510	1111
1509	1114
1509	1116
1510	1119
1510	1121
1510	1123
1510	1126
1510	1128
1510	1130
1510	1133
1510	1135
1510	1138
1510	1140
1510	1142
1510	1145
1510	1147
1510	1150
1510	1153
1511	1155
1510	1158
1510	1160
1511	1163
1510	1165
1511	1167
1511	1170
1511	1172
1511	1175
1511	1177
1511	1179
1511	1182
1511	1184
1511	1187
1511	1189
1511	1191
1511	1195
1511	1197
1511	1200
1511	1202
1511	1204
1511	1207
1511	1209
1511	1211
1512	1214
1512	1216
1512	1219
1512	1221
1512	1223
1512	1226
1512	1228
1512	1231
1512	1233
1512	1235
1512	1239
1512	1241
1512	1244
1512	1246
1512	1248
1512	1251
1512	1253
1512	1256
1512	1258
1512	1260
1512	1263
1512	1265
1512	1268
1512	1270
1512	1272
1512	1275
1512	1277
1512	1281
1511	1283
1511	1285
1511	1288
1511	1290
1511	1293
1511	1295
1511	1297
1511	1300
1511	1302
1511	1304
1511	1307
1510	1309
1510	1312
1510	1314
1511	1316
1510	1319
1510	1321
1510	1325
1510	1327
1510	1329
1510	1332
1510	1334
1510	1337
1510	1339
1510	1341
1510	1344
1510	1346
1510	1349
1510	1351
1510	1353
1510	1356
1509	1358
1509	1361
1509	1363
1509	1366
1509	1369
1509	1371
1509	1374
1509	1376
1509	1378
1509	1381
1509	1383
1509	1385
1509	1388
1509	1390
1509	1393
1509	1395
1509	1397
1509	1400
1509	1402
1509	1405
1509	1408
1509	1410
1509	1413
1509	1415
1509	1418
1509	1420
1509	1422
1509	1425
1509	1427
1509	1430
1509	1432
1509	1434
1509	1437
1510	1439
1509	1442
1510	1444
1509	1446
1510	1449
1510	1452
1510	1455
1510	1457
1510	1459
1511	1462
1511	1464
1511	1466
1511	1469
1511	1471
1511	1474
1511	1476
1511	1478
1511	1481
1511	1483
1511	1486
1511	1488
1511	1490
1511	1494
1511	1496
1511	1499
1511	1501
1511	1503
1512	1506
1512	1508
1511	1511
1511	1513
1511	1515
1511	1518
1511	1520
1511	1523
1512	1525
1512	1527
1512	1530
1511	1532
1511	1536
1511	1538
1511	1540
1511	1543
1511	1545
1511	1547
1511	1550
1511	1552
1511	1555
1511	1557
1511	1559
1511	1562
1511	1564
1511	1567
1511	1569
1511	1571
1511	1574
1510	1576
1510	1580
1510	1582
1510	1584
1510	1587
1510	1589
1510	1592
1510	1594
1510	1596
1510	1599
1510	1601
1510	1604
1510	1606
1510	1608
1510	1611
1510	1613
1510	1616
1510	1618
1510	1620
1509	1624
1509	1626
1509	1629
1509	1631
1509	1633
1509	1636
1509	1638
1510	1640
1510	1643
1510	1645
1510	1648
1511	1650
1511	1652
1511	1655
1511	1657
1511	1660
1511	1662
1511	1665
1511	1668
1511	1670
1511	1673
1511	1675
1511	1677
1511	1680
1511	1682
1511	1685
1511	1687
1511	1689
1511	1692
1511	1694
1511	1697
1511	1699
1510	1701
1511	1704
1510	1707
1510	1710
1510	1712
1510	1714
1510	1717
1510	1719
1510	1721
1509	1724
1509	1726
1509	1729
1509	1731
1509	1733
1509	1736
1509	1738
1509	1741
1509	1743
1509	1745
1509	1748
1509	1751
1509	1754
1508	1756
1508	1758
1508	1761
1508	1763
1508	1766
1508	1768
1508	1770
1508	1773
1508	1775
1508	1778
1508	1780
1508	1782
1508	1785
1507	1787
1507	1790
1507	1793
1507	1795
1507	1798
1507	1800
1507	1802
1507	1805
1507	1807
1507	1810
1507	1812
1507	1814
1506	1817
1507	1819
1507	1822
1507	1824
1507	1826
1507	1829
1507	1831
1508	1835
1508	1837
1508	1839
1508	1842
1508	1844
1508	1847
1508	1849
1509	1851
1509	1854
1509	1856
1509	1859
1509	1861
1509	1863
1509	1866
1509	1868
1509	1871
1509	1873
1509	1875
1509	1879
1510	1881
1510	1883
1510	1886
1510	1888
1510	1891
1510	1893
1510	1895
1510	1898
1510	1900
1510	1903
1510	1905
1510	1907
1510	1910
1510	1912
1510	1915
1510	1917
1510	1920
1510	1923
1510	1925
1510	1928
1510	1930
1510	1932
1510	1935
1510	1937
1510	1940
1510	1942
1510	1944
1510	1947
1510	1949
1510	1952
1510	1954
1510	1956
1510	1959
1509	1961
1509	1964
1510	1967
1510	1969
1510	1972
1510	1974
1510	1976
1510	1979
1510	1981
1510	1984
1510	1986
1510	1988
1510	1991
1510	1993
1510	1996
1510	1998
1510	2000
1510	2003
1510	2006
1510	2009
1510	2011
1510	2013
1509	2016
1510	2018
1510	2021
1510	2023
1510	2025
1510	2028
1510	2030
1510	2033
1510	2035
1510	2037
1510	2040
1510	2042
1510	2044
1510	2048
1510	2050
1510	2053
1510	2055
1510	2057
1510	2060
1510	2062
1510	2065
1510	2067
1510	2069
1510	2072
1510	2074
1511	2077
1511	2079
1511	2081
1511	2084
1511	2086
1512	2089
1512	2092
1512	2094
1512	2097
1512	2099
1512	2102
1512	2104
1512	2106
1512	2109
1512	2111
1512	2114
1512	2116
1512	2118
1512	2121
1511	2123
1511	2125
1511	2128
1511	2130
1511	2134
1511	2136
1511	2138
1511	2141
1511	2143
1511	2146
1511	2148
1511	2150
1511	2153
1511	2155
1510	2158
1510	2160
1510	2162
1510	2165
1510	2167
1510	2170
1510	2172
1510	2174
1510	2178
1510	2180
1511	2183
1511	2185
1511	2187
1511	2190
1511	2192
1511	2195
1511	2197
1511	2199
1511	2202
1511	2204
1511	2207
1511	2209
1511	2211
1511	2214
1511	2216
1511	2219
1511	2222
1511	2224
1511	2227
1511	2229
1511	2231
1511	2234
1511	2236
1511	2239
1511	2241
1511	2243
1511	2246
1511	2248
1511	2251
1510	2253
1510	2255
1510	2258
1510	2260
1511	2264
1511	2266
1511	2268
1511	2271
1511	2273
1511	2276
1511	2278
1511	2280
1511	2283
1511	2285
1511	2288
1511	2290
1511	2292
1511	2295
1512	2297
1512	2299
1512	2302
1512	2305
1512	2308
1512	2310
1512	2312
1512	2315
1512	2317
1512	2320
1512	2322
1512	2324
1512	2327
1512	2329
1512	2332
1512	2334
1512	2336
1512	2339
1512	2341
1512	2344
1512	2347
1512	2349
1512	2352
1512	2354
1512	2357
1512	2359
1512	2361
1512	2364
1512	2366
1512	2369
1512	2371
1512	2373
1512	2376
1512	2378
1512	2380
1511	2383
1512	2385
1511	2388
1511	2391
1511	2393
1511	2396
1511	2398
1511	2401
1511	2403
1511	2405
1511	2408
1511	2410
1511	2413
1511	2415
1511	2417
1511	2420
1511	2422
1511	2425
1511	2427
1511	2429
1511	2433
1511	2435
1511	2438
1511	2440
1511	2442
1511	2445
1511	2447
1511	2450
1511	2452
1511	2454
1511	2457
1511	2459
1511	2462
1511	2464
1511	2466
1511	2469
1512	2471
1512	2473
1512	2477
1512	2479
1512	2482
1512	2484
1512	2486
1513	2489
1513	2491
1512	2494
1512	2496
1512	2498
1512	2501
1512	2503
1512	2506
1512	2508
1512	2510
1512	2513
1512	2515
1512	2519
1512	2521
1512	2523
1512	2526
1512	2528
1513	2531
1513	2533
1513	2535
1513	2538
1513	2540
1513	2543
1513	2545
1513	2547
1513	2550
1513	2552
1514	2554
1514	2557
1514	2560
1514	2563
1514	2565
1514	2567
1514	2570
1514	2572
1514	2575
1514	2577
1514	2579
1514	2582
1514	2584
1514	2587
1514	2589
1514	2591
1514	2594
1514	2596
1514	2599
1514	2601
1514	2604
1513	2607
1513	2609
1513	2612
1513	2614
1513	2616
1513	2619
1513	2621
1513	2624
1512	2626
1510	2628
1508	2631
1506	2633
1507	2635
1508	2638
1510	2640
1510	2643
1509	2646
1509	2648
1508	2651
1509	2653
1510	2656
1511	2658
1512	2660
1512	2663
1512	2665
1511	2668
1510	2670
1509	2672
1510	2675
1509	2677
1511	2680
1511	2682
1512	2684
1513	2688
1514	2690
1515	2693
1516	2695
1515	2697
1514	2700
1513	2702
1513	2705
1513	2707
1513	2709
1512	2712
1511	2714
1511	2716
1512	2719
1514	2721
1514	2724
1513	2726
1512	2728
1513	2732
1513	2734
1513	2737
1513	2739
1514	2741
1515	2744
1516	2746
1517	2749
1517	2751
1517	2753
1517	2756
1518	2758
1518	2761
1518	2763
1518	2765
1518	2768
1518	2770
1517	2774
1516	2776
1515	2778
1514	2781
1514	2783
1514	2786
1515	2788
1515	2790
1515	2793
1514	2795
1514	2797
1512	2800
1510	2802
1509	2805
1507	2807
1505	2809
1503	2812
1502	2814
1501	2818
1501	2820
1501	2822
1500	2825
1500	2827
1502	2830
1503	2832
1505	2834
1506	2837
1507	2839
1507	2842
1507	2844
1507	2846
1507	2849
1508	2851
1509	2854
1509	2856
1510	2859
1511	2862
1510	2864
1509	2867
1508	2869
1506	2871
1506	2874
1506	2876
1507	2878
1507	2881
1506	2883
1506	2886
1507	2888
1507	2890
1507	2893
1505	2895
1501	2898
1496	2900
1492	2903
1490	2906
1488	2908
1487	2911
1487	2913
1489	2915
1491	2918
1492	2920
1493	2923
1493	2925
1494	2927
1494	2930
1495	2932
1496	2935
1496	2937
1497	2939
1498	2942
1499	2945
1499	2948
1499	2950
1501	2952
1504	2955
1505	2957
1505	2959
1506	2962
1505	2964
1505	2967
1504	2969
1503	2971
1502	2974
1502	2976
1501	2979
1500	2981
1496	2983
1491	2987
1484	2989
1478	2992
1477	2994
1478	2996
1482	2999
1487	3001
1491	3004
1495	3006
1496	3008
1495	3011
1494	3013
1494	3016
1493	3018
1493	3020
1493	3023
1495	3025
1496	3028
1495	3031
1494	3033
1493	3036
1493	3038
1493	3040
1496	3043
1499	3045
1500	3048
1501	3050
1500	3052
1499	3055
1496	3057
1494	3060
1494	3062
1497	3064
1499	3067
1500	3069
1502	3073
1501	3075
1498	3077
1493	3080
1488	3082
1486	3085
1485	3087
1485	3089
1487	3092
1488	3094
1490	3097
1490	3099
1488	3101
1486	3104
1478	3106
1468	3109
1458	3111
1454	3113
1456	3117
1465	3119
1471	3122
1471	3124
1470	3126
1475	3129
1480	3131
1487	3133
1492	3136
1495	3138
1497	3141
1497	3143
1487	3145
1471	3148
1459	3150
1448	3153
1451	3155
1465	3158
1478	3161
1491	3163
1498	3166
1501	3168
1497	3170
1484	3173
1471	3175
1470	3178
1478	3180
1490	3182
1494	3185
1482	3187
1452	3190
1418	3192
1401	3194
1397	3197
1413	3200
1446	3203
1465	3205
1484	3207
1499	3210
1509	3212
1515	3214
1521	3217
1526	3219
1529	3222
1533	3224
1536	3226
1538	3229
1538	3231
1535	3234
1527	3236
1503	3238
1482	3241
1462	3244
1463	3247
1483	3249
1496	3251
1513	3254
1522	3256
1521	3259
1517	3261
1508	3263
1502	3266
1501	3268
1503	3271
1484	3273
1463	3275
1457	3278
1470	3280
1491	3283
1509	3286
1518	3288
1526	3291
1532	3293
1534	3295
1533	3298
1533	3300
1535	3303
1535	3305
1534	3307
1530	3310
1520	3312
1514	3315
1512	3317
1514	3319
1517	3322
1519	3324
1523	3328
1516	3330
1508	3332
1501	3335
1502	3337
1508	3340
1515	3342
1521	3344
1511	3347
1489	3349
1479	3352
1486	3354
1504	3356
1514	3359
1515	3361
1518	3364
1524	3366
1528	3368
1534	3372
1539	3374
1542	3376
1541	3379
1544	3381
1545	3384
1546	3386
1546	3388
1543	3391
1537	3393
1530	3396
1518	3398
1504	3400
1490	3403
1489	3405
1498	3408
1512	3410
1515	3412
1512	3416
1511	3418
1518	3421
1526	3423
1529	3425
1532	3428
1532	3430
1534	3433
1532	3435
1524	3437
1519	3440
1521	3442
1522	3445
1511	3447
1504	3449
1508	3452
1520	3454
1524	3457
1524	3460
1525	3462
1530	3465
1533	3467
1530	3469
1524	3472
1523	3474
1527	3477
1530	3479
1525	3481
1517	3484
1515	3486
1514	3489
1515	3491
1509	3493
1503	3496
1504	3499
1510	3502
1510	3504
1512	3506
1522	3509
1531	3511
1532	3514
1531	3516
1529	3518
1524	3521
1519	3523
1511	3526
1511	3528
1519	3530
1526	3533
1533	3535
1536	3537
1530	3540
1523	3543
1521	3546
1523	3548
1524	3550
1524	3553
1529	3555
1534	3558
1536	3560
1537	3562
1530	3565
1515	3567
1513	3570
1519	3572
1527	3574
1528	3577
1531	3579
1529	3582
1528	3585
1528	3587
1529	3590
1529	3592
1532	3595
1532	3597
1531	3599
1525	3602
1515	3604
1513	3607
1517	3609
1507	3611
1490	3614
1487	3616
1498	3618
1510	3621
1517	3623
1525	3627
1526	3629
1524	3631
1522	3634
1522	3636
1521	3639
1518	3641
1514	3643
1511	3646
1511	3648
1515	3651
1519	3653
1521	3655
1514	3658
1503	3660
1496	3663
1503	3665
1506	3667
1506	3671
1508	3673
1513	3676
1518	3678
1519	3680
1521	3683
1522	3685
1518	3688
1514	3690
1512	3692
1504	3695
1497	3697
1493	3699
1487	3702
1491	3704
1501	3707
1510	3709
1506	3712
1500	3715
1497	3717
1503	3720
1504	3722
1496	3724
1480	3727
1479	3729
1491	3732
1492	3734
1483	3736
1474	3739
1470	3741
1469	3744
1472	3746
1478	3748
1492	3751
1500	3753
1502	3757
1497	3759
1497	3761
1480	3764
1460	3766
1456	3769
1468	3771
1475	3773
1474	3776
1475	3778
1485	3780
1497	3783
1506	3785
1513	3788
1517	3790
1502	3792
1488	3795
1490	3798
1500	3801
1491	3803
1467	3805
1461	3808
1475	3810
1469	3813
1458	3815
1457	3817
1471	3820
1469	3822
1467	3825
1466	3827
1448	3829
1425	3832
1419	3834
1437	3837
1451	3840
1453	3842
1455	3845
1466	3847
1469	3850
1473	3852
1485	3854
1502	3857
1481	3859
1460	3861
1446	3864
1455	3866
1455	3869
1456	3871
1468	3873
1473	3876
1470	3878
1472	3881
1470	3884
1450	3886
1429	3889
1419	3891
1429	3894
1449	3896
1465	3898
1479	3901
1476	3903
1459	3906
1446	3908
1443	3910
1453	3913
1456	3915
1445	3918
1430	3920
1422	3922
1427	3926
1419	3928
1403	3931
1391	3933
1386	3935
1383	3938
1388	3940
1410	3942
1430	3945
1452	3947
1465	3950
1476	3952
1494	3954
1504	3957
1505	3959
1497	3962
1486	3964
1485	3966
1488	3970
1462	3972
1425	3975
1426	3977
1453	3979
1472	3982
1474	3984
1473	3987
1474	3989
1454	3991
1435	3994
1429	3996
1438	3999
1454	4001
1474	4003
1482	4006
1477	4008
1467	4012
1469	4014
1469	4016
1474	4019
1492	4021
1506	4023
1494	4026
1466	4028
1453	4031
1461	4033
1462	4035
1476	4038
1489	4040
1492	4043
1495	4045
1502	4047
1507	4050
1502	4052
1477	4056
1453	4058
1456	4060
1450	4063
1438	4065
1447	4068
1445	4070
1437	4072
1438	4075
1455	4077
1473	4080
1498	4082
1503	4084
1496	4087
1497	4089
1500	4091
1494	4094
1480	4097
1480	4100
1481	4102
1485	4104
1484	4107
1492	4109
1506	4112
1510	4114
1505	4116
1505	4119
1507	4121
1482	4124
1460	4126
1458	4128
1477	4131
1489	4133
1504	4136
1517	4139
1507	4141
1496	4144
1504	4146
1521	4149
1502	4151
1467	4153
1450	4156
1489	4158
1529	4161
1540	4163
1538	4165
1523	4168
1518	4170
1533	4172
1532	4175
1526	4177
1527	4180
1537	4183
1526	4185
1504	4188
1503	4190
1519	4193
1530	4195
1528	4197
1526	4200
1517	4202
1493	4205
1478	4207
1483	4209
1501	4212
1515	4214
1517	4217
1513	4219
1492	4221
1475	4225
1474	4227
1464	4230
1470	4232
1486	4234
1512	4237
1522	4239
1529	4242
1542	4244
1548	4246
1538	4249
1530	4251
1536	4253
1547	4256
1542	4258
1536	4261
1533	4263
1529	4265
1529	4269
1533	4271
1537	4274
1530	4276
1509	4278
1493	4281
1483	4283
1481	4286
1490	4288
1505	4290
1518	4293
1511	4295
1512	4298
1524	4300
1534	4302
1532	4305
1533	4307
1533	4311
1526	4313
1501	4315
1480	4318
1471	4320
1498	4323
1525	4325
1533	4327
1534	4330
1525	4332
1515	4334
1505	4337
1511	4339
1526	4342
1536	4344
1544	4346
1545	4349
1544	4352
1541	4355
1540	4357
1540	4359
1539	4362
1527	4364
1501	4367
1490	4369
1496	4371
1516	4374
1511	4376
1493	4379
1493	4381
1511	4383
1519	4386
1520	4388
1517	4391
1506	4393
1509	4396
1513	4399
1507	4401
1496	4404
1501	4406
1510	4408
1515	4411
1517	4413
1523	4415
1525	4418
1522	4420
1525	4423
1527	4425
1518	4427
1513	4430
1523	4432
1527	4435
1516	4438
1501	4440
1497	4443
1505	4445
1513	4448
1514	4450
1515	4452
1511	4455
1510	4457
1513	4460
1522	4462
1528	4464
1521	4467
1496	4469
1487	4472
1500	4474
1519	4476
1503	4480
1484	4482
1480	4485
1501	4487
1511	4489
1521	4492
1527	4494
1523	4496
1520	4499
1521	4501
1517	4504
1514	4506
1510	4508
1512	4511
1517	4513
1514	4516
1513	4518
1521	4520
1526	4524
1527	4526
1527	4529
1524	4531
1522	4533
1523	4536
1525	4538
1521	4541
1508	4543
1503	4545
1507	4548
1504	4550
1493	4553
1486	4555
1494	4557
1502	4560
1505	4562
1498	4566
1490	4568
1494	4570
1506	4573
1506	4575
1498	4577
1500	4580
1503	4582
1500	4585
1502	4587
1514	4589
1523	4592
1514	4594
1508	4597
1509	4599
1513	4601
1507	4604
1507	4606
1511	4610
1515	4612
1513	4614
1511	4617
1509	4619
1503	4622
1495	4624
1488	4626
1486	4629
1496	4631
1497	4634
1495	4636
1495	4638
1501	4641
1512	4643
1512	4646
1505	4648
1484	4651
1469	4654
1476	4656
1495	4658
1503	4661
1505	4663
1495	4666
1493	4668
1498	4670
1507	4673
1508	4675
1500	4678
1483	4680
1472	4682
1477	4685
1494	4687
1500	4690
1505	4692
1503	4695
1501	4698
1502	4700
1509	4703
1505	4705
1496	4707
1497	4710
1500	4712
1501	4715
1505	4717
1513	4719
1518	4722
1515	4724
1513	4727
1512	4729
1515	4731
1510	4734
1497	4737
1473	4739
1468	4742
1480	4744
1489	4747
1489	4749
1492	4751
1500	4754
1504	4756
1504	4759
1497	4761
1498	4763
1512	4766
1522	4768
1520	4771
1517	4773
1518	4775
1511	4779
1508	4781
1509	4784
1516	4786
1510	4788
1506	4791
1509	4793
1516	4796
1518	4798
1517	4800
1517	4803
1518	4805
1520	4808
1517	4810
1508	4812
1496	4815
1501	4817
1511	4819
1515	4823
1506	4825
1502	4828
1502	4830
1503	4832
1486	4835
1479	4837
1488	4840
1500	4842
1501	4844
1494	4847
1482	4849
1482	4852
1494	4854
1511	4856
1513	4859
1512	4861
1514	4865
1520	4867
1524	4869
1530	4872
1533	4874
1532	4877
1523	4879
1517	4881
1520	4884
1527	4886
1528	4889
1521	4891
1513	4893
1512	4896
1510	4898
1505	4900
1499	4903
1500	4905
1508	4909
1520	4911
1522	4913
1512	4916
1503	4918
1500	4921
1497	4923
1503	4925
1510	4928
1513	4930
1511	4933
1511	4935
1514	4937
1513	4940
1512	4942
1511	4945
1512	4947
1516	4950
1524	4953
1528	4955
1531	4958
1532	4960
1531	4962
1531	4965
1524	4967
1513	4970
1513	4972
1522	4974
1521	4977
1511	4979
1511	4981
1515	4984
1517	4986
1519	4989
1521	4992
1521	4994
1504	4997
1487	4999
1491	5002
1508	5004
1520	5006
1515	5009
1510	5011
1509	5014
1510	5016
1507	5018
1511	5021
1524	5023
1529	5026
1527	5028
1514	5030
1505	5033
1504	5036
1507	5039
1513	5041
1521	5043
1524	5046
1520	5048
1511	5051
1505	5053
1508	5055
1511	5058
1511	5060
1510	5062
1509	5065
1515	5067
1523	5070
1524	5072
1517	5074
1498	5078
1489	5080
1492	5083
1490	5085
1488	5087
1498	5090
1513	5092
1524	5095
1529	5097
1527	5099
1524	5102
1524	5104
1518	5107
1513	5109
1509	5111
1500	5114
1496	5116
1503	5120
1514	5122
1512	5124
1513	5127
1521	5129
1524	5132
1524	5134
1528	5136
1534	5139
1535	5141
1520	5143
1509	5146
1510	5148
1518	5151
1518	5153
1523	5155
1528	5158
1531	5160
1529	5164
1527	5166
1515	5168
1507	5171
1513	5173
1522	5176
1522	5178
1517	5180
1518	5183
1522	5185
1518	5188
1512	5190
1514	5192
1523	5195
1527	5197
1521	5200
1518	5202
1521	5204
1526	5208
1520	5210
1513	5213
1510	5215
1514	5217
1510	5220
1509	5222
1519	5224
1528	5227
1529	5229
1527	5232
1522	5234
1518	5236
1518	5239
1525	5241
1526	5244
1519	5246
1515	5249
1515	5252
1521	5254
1522	5257
1523	5259
1525	5261
1529	5264
1527	5266
1521	5269
1510	5271
1501	5273
1499	5276
1502	5278
1509	5281
1512	5283
1516	5285
1517	5288
1522	5291
1526	5294
1531	5296
1532	5298
1528	5301
1524	5303
1515	5305
1506	5308
1504	5310
1506	5313
1514	5315
1519	5317
1521	5320
1520	5322
1524	5325
1527	5327
1525	5329
1522	5332
1524	5335
1527	5338
1528	5340
1527	5342
1524	5345
1525	5347
1526	5350
1528	5352
1527	5354
1521	5357
1507	5359
1500	5362
1501	5364
1506	5366
1510	5369
1513	5371
1516	5374
1518	5377
1519	5379
1523	5382
1524	5384
1524	5387
1527	5389
1528	5391
1526	5394
1525	5396
1525	5398
1520	5401
1518	5403
1521	5406
1527	5408
1528	5410
1525	5413
1517	5415
1514	5419
1519	5421
1527	5423
1523	5426
1517	5428
1512	5431
1513	5433
1513	5435
1517	5438
1516	5440
1514	5443
1514	5445
1514	5447
1516	5450
1517	5452
1516	5455
1519	5457
1523	5459
1521	5463
1514	5465
1512	5468
1516	5470
1521	5472
1527	5475
1530	5477
1531	5479
1531	5482
1531	5484
1519	5487
1503	5489
1508	5491
1519	5494
1527	5496
1528	5499
1527	5501
1525	5504
1523	5507
1527	5509
1520	5512
1512	5514
1508	5516
1518	5519
1521	5521
1523	5524
1521	5526
1522	5528
1522	5531
1522	5533
1525	5536
1523	5538
1519	5540
1519	5543
1526	5545
1527	5549
1526	5551
1527	5553
1527	5556
1525	5558
1517	5560
1513	5563
1518	5565
1526	5568
1531	5570
1529	5572
1524	5575
1524	5577
1525	5580
1524	5582
1525	5584
1529	5587
1532	5590
1533	5593
1531	5595
1531	5597
1521	5600
1504	5602
1501	5605
1516	5607
1522	5609
1519	5612
1521	5614
1524	5617
1518	5619
1512	5621
1512	5624
1521	5626
1529	5629
1532	5632
1532	5634
1531	5637
1533	5639
1533	5641
1534	5644
1536	5646
1535	5649
1529	5651
1524	5653
1520	5656
1516	5658
1515	5661
1520	5663
1522	5665
1522	5668
1522	5670
1526	5673
1531	5676
1534	5678
1533	5681
1530	5683
1528	5686
1526	5688
1526	5690
1527	5693
1527	5695
1526	5698
1526	5700
1525	5702
1524	5705
1521	5707
1516	5710
1512	5712
1512	5714
1521	5718
1524	5720
1519	5722
1515	5725
1522	5727
1530	5730
1534	5732
1532	5734
1529	5737
1526	5739
1526	5742
1528	5744
1530	5746
1530	5749
1531	5751
1529	5754
1520	5756
1518	5758
1521	5762
1524	5764
1513	5767
1507	5769
1501	5771
1505	5774
1510	5776
1523	5779
1527	5781
1527	5783
1527	5786
1525	5788
1522	5791
1517	5793
1518	5795
1519	5798
1506	5800
1497	5803
1501	5806
1514	5808
1518	5811
1520	5813
1520	5815
1516	5818
1514	5820
1517	5823
1525	5825
1531	5827
1532	5830
1531	5832
1529	5835
1530	5837
1531	5839
1532	5842
1529	5844
1520	5848
1511	5850
1505	5852
1505	5855
1512	5857
1517	5860
1521	5862
1517	5864
1514	5867
1512	5869
1518	5872
1520	5874
1518	5876
1504	5879
1501	5881
1507	5883
1514	5886
1520	5889
1523	5892
1518	5894
1518	5896
1526	5899
1526	5901
1519	5904
1516	5906
1525	5908
1532	5911
1534	5913
1534	5916
1530	5918
1526	5920
1524	5923
1520	5925
1521	5928
1524	5931
1527	5933
1525	5936
1521	5938
1519	5941
1518	5943
1521	5945
1521	5948
1517	5950
1510	5953
1507	5955
1508	5957
1515	5960
1521	5962
1522	5964
1523	5967
1525	5969
1526	5972
1526	5975
1521	5977
1511	5980
1511	5982
1518	5985
1521	5987
1515	5989
1502	5992
1501	5994
1509	5997
1519	5999
1524	6001
1526	6004
1525	6006
1526	6009
1529	6011
1532	6013
1532	6017
1531	6019
1529	6022
1529	6024
1530	6026
1527	6029
1524	6031
1522	6034
1523	6036
1524	6038
1521	6041
1512	6043
1508	6045
1512	6048
1515	6050
1517	6053
1515	6055
1514	6057
1515	6061
1514	6063
1511	6066
1510	6068
1512	6070
1518	6073
1522	6075
1522	6078
1514	6080
1510	6082
1517	6085
1518	6087
1509	6090
1510	6092
1520	6094
1528	6097
1531	6099
1532	6103
1533	6105
1532	6107
1530	6110
1524	6112
1522	6115
1519	6117
1516	6119
1513	6122
1516	6124
1522	6126
1528	6129
1528	6131
1526	6134
1519	6136
1508	6138
1500	6141
1501	6144
1510	6147
1517	6149
1518	6151
1513	6154
1510	6156
1517	6159
1526	6161
1528	6163
1528	6166
1526	6168
1525	6171
1524	6173
1527	6175
1528	6178
1529	6180
1523	6183
1511	6185
1505	6188
1507	6191
1513	6193
1516	6196
1518	6198
1521	6200
1522	6203
1526	6205
1529	6207
1526	6210
1525	6212
1527	6215
1529	6217
1527	6219
1525	6222
1520	6224
1513	6227
1509	6230
1505	6232
1498	6235
1497	6237
1498	6240
1499	6242
1502	6244
1514	6247
1520	6249
1523	6252
1522	6254
1522	6256
1525	6259
1524	6261
1519	6264
1517	6266
1520	6268
1525	6272
1529	6274
1528	6277
1525	6279
1524	6281
1522	6284
1521	6286
1521	6288
1517	6291
1512	6293
1512	6296
1514	6298
1513	6300
1516	6303
1520	6305
1523	6308
1523	6310
1524	6312
1524	6316
1525	6318
1523	6321
1520	6323
1515	6325
1510	6328
1515	6330
1518	6333
1519	6335
1517	6337
1516	6340
1517	6342
1520	6345
1524	6347
1527	6349
1524	6352
1515	6354
1512	6358
1521	6360
1527	6362
1527	6365
1522	6367
1512	6370
1508	6372
1510	6374
1512	6377
1512	6379
1515	6382
1521	6384
1518	6386
1515	6389
1514	6391
1512	6394
1515	6396
1519	6398
1525	6402
1526	6404
1522	6406
1519	6409
1523	6411
1527	6414
1524	6416
1516	6418
1515	6421
1518	6423
1520	6426
1523	6428
1521	6430
1513	6433
1503	6435
1499	6438
1505	6440
1511	6443
1514	6446
1518	6448
1522	6451
1520	6453
1519	6455
1520	6458
1524	6460
1526	6463
1528	6465
1530	6467
1528	6470
1527	6472
1527	6475
1517	6477
1508	6479
1502	6482
1506	6484
1514	6487
1517	6490
1517	6492
1516	6495
1519	6497
1522	6499
1527	6502
1529	6504
1527	6507
1518	6509
1508	6511
1508	6514
1515	6516
1523	6519
1518	6521
1514	6523
1515	6526
1517	6529
1516	6532
1518	6534
1518	6536
1516	6539
1515	6541
1521	6544
1527	6546
1530	6548
1525	6551
1524	6553
1527	6555
1527	6558
1519	6560
1515	6563
1514	6565
1519	6567
1523	6571
1522	6573
1512	6576
1508	6578
1512	6580
1522	6583
1518	6585
1510	6588
1507	6590
1513	6592
1521	6595
1522	6597
1521	6600
1519	6602
1513	6604
1510	6607
1512	6609
1514	6612
1517	6615
1520	6617
1516	6620
1509	6622
1507	6625
1509	6627
1515	6629
1521	6632
1519	6634
1516	6636
1512	6639
1510	6641
1511	6644
1518	6646
1521	6648
1516	6651
1511	6653
1506	6657
1510	6659
1519	6661
1520	6664
1515	6666
1513	6669
1515	6671
1520	6673
1524	6676
1519	6678
1512	6681
1513	6683
1518	6685
1517	6688
1516	6690
1518	6693
1519	6695
1513	6697
1506	6701
1499	6703
1500	6706
1504	6708
1512	6710
1514	6713
1515	6715
1518	6718
1523	6720
1523	6722
1518	6725
1516	6727
1516	6729
1516	6732
1514	6734
1510	6737
1508	6739
1513	6742
1521	6745
1522	6747
1522	6750
1518	6752
1512	6754
1502	6757
1502	6759
1511	6762
1512	6764
1512	6766
1505	6769
1504	6771
1506	6774
1510	6776
1508	6778
1509	6781
1508	6784
1506	6787
1504	6789
1505	6791
1510	6794
1512	6796
1512	6799
1514	6801
1518	6803
1520	6806
1520	6808
1520	6810
1519	6813
1519	6815
1518	6818
1515	6820
1515	6822
1516	6825
1516	6828
1515	6831
1518	6833
1521	6835
1520	6838
1519	6840
1516	6843
1513	6845
1509	6847
1504	6850
1497	6852
1499	6855
1510	6857
1519	6859
1520	6862
1512	6864
1501	6867
1497	6870
1505	6872
1514	6875
1519	6877
1517	6880
1511	6882
1506	6884
1508	6887
1512	6889
1512	6891
1517	6894
1521	6896
1525	6899
1526	6901
1524	6903
1523	6906
1522	6908
1518	6912
1516	6914
1518	6916
1517	6919
1517	6921
1519	6924
1518	6926
1517	6928
1513	6931
1507	6933
1505	6936
1506	6938
1505	6940
1504	6943
1505	6945
1510	6948
1515	6950
1512	6952
1512	6956
1511	6958
1512	6961
1514	6963
1503	6965
1488	6968
1490	6970
1502	6972
1508	6975
1515	6977
1522	6980
1525	6982
1527	6984
1527	6987
1524	6989
1524	6992
1527	6994
1527	6996
1526	7000
1523	7002
1520	7005
1517	7007
1514	7009
1512	7012
1513	7014
1513	7017
1509	7019
1502	7021
1490	7024
1485	7026
1488	7029
1503	7031
1510	7033
1516	7036
1519	7038
1519	7042
1513	7044
1511	7046
1516	7049
1520	7051
1517	7053
1516	7056
1517	7058
1520	7061
1518	7063
1516	7065
1513	7068
1508	7070
1502	7073
1499	7075
1497	7077
1502	7080
1506	7083
1508	7086
1510	7088
1513	7090
1516	7093
1519	7095
1520	7098
1520	7100
1520	7102
1516	7105
1512	7107
1512	7110
1513	7112
1511	7114
1505	7117
1505	7119
1499	7122
1495	7124
1499	7127
1502	7130
1504	7132
1507	7134
1511	7137
1513	7139
1517	7142
1520	7144
1519	7146
1519	7149
1521	7151
1518	7154
1515	7156
1514	7158
1517	7161
1519	7163
1516	7166
1506	7169
1501	7171
1503	7174
1508	7176
1512	7179
1519	7181
1521	7183
1519	7186
1517	7188
1518	7191
1519	7193
1517	7195
1516	7198
1516	7200
1509	7203
1502	7205
1500	7207
1505	7211
1512	7213
1513	7215
1500	7218
1492	7220
1498	7223
1504	7225
1507	7227
1513	7230
1521	7232
1521	7235
1521	7237
1522	7239
1522	7242
1522	7244
1518	7247
1513	7249
1514	7251
1515	7255
1516	7257
1518	7260
1520	7262
1517	7264
1506	7267
1498	7269
1502	7272
1504	7274
1503	7276
1503	7279
1506	7281
1506	7284
1504	7286
1509	7288
1516	7291
1520	7293
1521	7296
1515	7299
1511	7301
1512	7304
1516	7306
1514	7308
1512	7311
1507	7313
1500	7316
1500	7318
1505	7320
1510	7323
1508	7325
1504	7328
1506	7330
1514	7332
1519	7335
1521	7337
1520	7341
1522	7343
1521	7345
1518	7348
1514	7350
1512	7353
1511	7355
1513	7357
1516	7360
1515	7362
1506	7365
1500	7367
1506	7369
1507	7372
1505	7374
1504	7377
1509	7379
1512	7382
1515	7385
1515	7387
1508	7389
1502	7392
1506	7394
1516	7397
1521	7399
1521	7401
1519	7404
1506	7406
1496	7409
1496	7411
1504	7413
1511	7416
1516	7418
1518	7421
1520	7424
1521	7426
1522	7429
1521	7431
1517	7434
1514	7436
1515	7438
1513	7441
1509	7443
1511	7446
1514	7448
1517	7450
1517	7453
1512	7455
1500	7458
1490	7460
1495	7462
1505	7465
1513	7468
1508	7470
1505	7473
1506	7475
1516	7478
1516	7480
1516	7482
1515	7485
1516	7487
1518	7490
1524	7492
1526	7494
1527	7497
1528	7499
1525	7502
1522	7504
1518	7506
1503	7510
1498	7512
1504	7515
1514	7517
1512	7519
1508	7522
1500	7524
1497	7527
1507	7529
1515	7531
1518	7534
1517	7536
1518	7539
1520	7541
1518	7543
1514	7546
1514	7548
1517	7552
1514	7554
1507	7556
1505	7559
1507	7561
1507	7564
1504	7566
1500	7568
1503	7571
1512	7573
1515	7575
1513	7578
1513	7580
1518	7583
1520	7585
1523	7587
1520	7590
1517	7592
1513	7596
1507	7598
1501	7600
1503	7603
1510	7605
1520	7608
1523	7610
1524	7612
1524	7615
1525	7617
1523	7620
1522	7622
1521	7624
1519	7627
1509	7629
1506	7632
1510	7634
1512	7636
1513	7640
1516	7642
1522	7645
1523	7647
1519	7649
1516	7652
1516	7654
1518	7657
1516	7659
1510	7661
1513	7664
1518	7666
1513	7668
1504	7671
1503	7673
1509	7676
1511	7678
1512	7681
1512	7684
1511	7686
1513	7689
1518	7691
1520	7693
1518	7696
1516	7698
1516	7701
1517	7703
1519	7705
1521	7708
1520	7710
1522	7713
1524	7715
1526	7717
1527	7720
1525	7723
1522	7726
1518	7728
1511	7730
1507	7733
1506	7735
1508	7738
1512	7740
1517	7742
1519	7745
1519	7747
1515	7750
1498	7752
1487	7754
1495	7757
1508	7759
1516	7761
1516	7764
1514	7767
1512	7770
1513	7772
1516	7774
1522	7777
1521	7779
1512	7782
1504	7784
1505	7786
1513	7789
1519	7791
1522	7794
1522	7796
1521	7798
1520	7801
1514	7803
1505	7806
1497	7809
1497	7811
1501	7814
1505	7816
1513	7819
1513	7821
1512	7823
1515	7826
1516	7828
1511	7831
1509	7833
1509	7835
1514	7838
1515	7840
1515	7842
1511	7845
1509	7847
1511	7851
1516	7853
1519	7855
1520	7858
1519	7860
1512	7863
1506	7865
1506	7867
1508	7870
1514	7872
1516	7875
1518	7877
1520	7879
1523	7882
1513	7884
1501	7887
1491	7889
1491	7891
1496	7895
1503	7897
1512	7900
1514	7902
1513	7904
1514	7907
1513	7909
1509	7912
1509	7914
1510	7916
1510	7919
1512	7921
1517	7923
1521	7926
1520	7928
1517	7931
1514	7933
1511	7936
1513	7939
1517	7941
1520	7944
1523	7946
1524	7948
1520	7951
1513	7953
1510	7956
1513	7958
1512	7960
1507	7963
1499	7965
1496	7968
1500	7970
1511	7972
1508	7975
1504	7977
1505	7981
1510	7983
1510	7985
1509	7988
1512	7990
1515	7993
1517	7995
1519	7997
1520	8000
1517	8002
1516	8005
1514	8007
1513	8009
1513	8012
1515	8014
1515	8016
1512	8019
1510	8022
1511	8025
1508	8027
1504	8029
1503	8032
1507	8034
1511	8037
1513	8039
1510	8041
1510	8044
1510	8046
1507	8049
1506	8051
1507	8053
1504	8056
1503	8058
1505	8061
1513	8064
1518	8066
1518	8069
1517	8071
1513	8074
1512	8076
1513	8078
1513	8081
1509	8083
1509	8086
1506	8088
1504	8090
1497	8093
1498	8095
1501	8098
1502	8100
1502	8102
1505	8105
1509	8108
1513	8110
1517	8113
1519	8115
1516	8118
1515	8120
1517	8122
1519	8125
1519	8127
1518	8130
1517	8132
1518	8134
1519	8137
1519	8139
1518	8142
1517	8144
1516	8146
1513	8150
1510	8152
1504	8155
1490	8157
1480	8159
1478	8162
1487	8164
1495	8167
1504	8169
1509	8171
1512	8174
1509	8176
1502	8179
1502	8181
1506	8183
1514	8186
1518	8188
1520	8190
1521	8194
1522	8196
1521	8199
1516	8201
1513	8203
1513	8206
1512	8208
1509	8211
1509	8213
1511	8215
1514	8218
1515	8220
1515	8223
1513	8225
1512	8227
1511	8230
1509	8232
1509	8236
1509	8238
1498	8240
1495	8243
1503	8245
1515	8248
1517	8250
1513	8252
1507	8255
1508	8257
1514	8260
1519	8262
1522	8264
1521	8267
1513	8269
1508	8271
1510	8274
1514	8276
1514	8280
1512	8282
1512	8284
1514	8287
1516	8289
1517	8292
1519	8294
1520	8296
1519	8299
1518	8301
1515	8304
1514	8306
1512	8308
1507	8311
1500	8313
1501	8316
1503	8318
1503	8321
1500	8324
1493	8326
1485	8329
1489	8331
1503	8333
1510	8336
1513	8338
1516	8341
1519	8343
1520	8345
1520	8348
1519	8350
1515	8352
1515	8355
1517	8357
1519	8360
1520	8363
1518	8365
1513	8368
1507	8370
1506	8373
1507	8375
1511	8377
1514	8380
1516	8382
1511	8385
1503	8387
1500	8389
1504	8392
1508	8394
1509	8397
1510	8399
1514	8401
1513	8404
1506	8407
1501	8410
1499	8412
1499	8414
1500	8417
1505	8419
1511	8422
1514	8424
1514	8426
1511	8429
1506	8431
1506	8433
1507	8436
1511	8438
1512	8441
1508	8443
1507	8445
1513	8449
1518	8451
1515	8454
1509	8456
1507	8458
1515	8461
1519	8463
1521	8466
1522	8468
1521	8470
1518	8473
1513	8475
1506	8478
1504	8480
1505	8482
1508	8485
1508	8487
1506	8491
1503	8493
1503	8495
1506	8498
1507	8500
1511	8503
1514	8505
1512	8507
1506	8510
1503	8512
1509	8514
1516	8517
1521	8519
1522	8522
1519	8524
1519	8526
1522	8529
1524	8531
1523	8535
1519	8537
1513	8539
1513	8542
1520	8544
1523	8547
1523	8549
1523	8551
1522	8554
1521	8556
1519	8559
1515	8561
1512	8563
1511	8566
1509	8568
1507	8571
1509	8573
1513	8576
1516	8579
1517	8581
1517	8584
1503	8586
1491	8588
1487	8591
1490	8593
1490	8595
1494	8598
1496	8600
1498	8603
1501	8605
1509	8607
1514	8610
1518	8612
1522	8615
1522	8617
1522	8620
1518	8623
1514	8625
1515	8628
1518	8630
1520	8632
1520	8635
1516	8637
1514	8640
1514	8642
1517	8644
1517	8647
1511	8649
1502	8652
1502	8654
1509	8656
1509	8659
1508	8662
1511	8665
1514	8667
1513	8669
1511	8672
1513	8674
1515	8676
1509	8679
1506	8681
1508	8684
1506	8686
1501	8688
1501	8691
1505	8693
1511	8696
1508	8698
1503	8700
1500	8704
1502	8706
1506	8709
1508	8711
1508	8713
1507	8716
1510	8718
1513	8721
1516	8723
1519	8725
1521	8728
1517	8730
1510	8733
1509	8735
1512	8737
1515	8740
1516	8742
1515	8745
1514	8748
1513	8750
1514	8753
1512	8755
1508	8757
1507	8760
1512	8762
1514	8765
1505	8767
1496	8769
1497	8772
1497	8774
1498	8777
1502	8779
1507	8781
1506	8784
1501	8786
1501	8790
1502	8792
1503	8794
1507	8797
1512	8799
1514	8802
1515	8804
1515	8806
1517	8809
1519	8811
1522	8814
1522	8816
1521	8818
1521	8821
1520	8823
1516	8826
1514	8828
1516	8830
1520	8834
1520	8836
1518	8839
1515	8841
1511	8843
1512	8846
1509	8848
1499	8850
1497	8853
1504	8855
1511	8858
1512	8860
1505	8862
1501	8865
1502	8867
1502	8870
1504	8872
1507	8875
1513	8878
1515	8880
1516	8883
1517	8885
1516	8887
1514	8890
1509	8892
1507	8895
1512	8897
1517	8899
1516	8902
1517	8904
1519	8907
1520	8909
1521	8911
1523	8914
1522	8916
1521	8920
1520	8922
1521	8924
1518	8927
1518	8929
1521	8931
1519	8934
1509	8936
1503	8939
1502	8941
1506	8943
1509	8946
1514	8948
1515	8951
1515	8953
1513	8955
1512	8958
1512	8961
1515	8964
1510	8966
1504	8968
1504	8971
1505	8973
1506	8976
1511	8978
1514	8980
1515	8983
1516	8985
1516	8988
1517	8990
1519	8992
1521	8995
1520	8997
1515	9000
1513	9003
1513	9005
1514	9008
1516	9010
1518	9013
1519	9015
1515	9017
1512	9020
1513	9022
1514	9024
1512	9027
1511	9029
1512	9032
1511	9034
1511	9036
1512	9039
1511	9041
1510	9044
1507	9047
1501	9049
1486	9052
1478	9054
1482	9057
1492	9059
1500	9061
1504	9064
1508	9066
1511	9069
1511	9071
1512	9073
1514	9076
1517	9078
1519	9081
1521	9083
1522	9085
1521	9089
1518	9091
1516	9094
1515	9096
1512	9098
1512	9101
1511	9103
1504	9105
1503	9108
1511	9110
1516	9113
1517	9115
1517	9117
1506	9120
1486	9122
1481	9125
1487	9127
1492	9129
1500	9133
1509	9135
1510	9138
1507	9140
1504	9142
1510	9145
1512	9147
1510	9150
1508	9152
1506	9154
1506	9157
1510	9159
1516	9162
1517	9164
1518	9166
1518	9169
1519	9171
1519	9175
1518	9177
1510	9179
1506	9182
1508	9184
1507	9187
1503	9189
1506	9191
1509	9194
1504	9196
1501	9198
1504	9201
1506	9203
1505	9206
1508	9208
1503	9210
1498	9213
1502	9216
1507	9219
1506	9221
1499	9223
1497	9226
1500	9228
1508	9231
1516	9233
1514	9235
1514	9238
1512	9240
1510	9243
1510	9245
1512	9247
1512	9250
1509	9252
1507	9255
1508	9257
1509	9260
1509	9263
1512	9265
1511	9268
1505	9270
1504	9272
1509	9275
1513	9277
1516	9279
1513	9282
1507	9284
1492	9287
1491	9289
1499	9291
1505	9294
1506	9296
1504	9299
1506	9302
1507	9304
1509	9307
1511	9309
1510	9312
1510	9314
1511	9316
1510	9319
1510	9321
1514	9324
1513	9326
1514	9328
1515	9331
1513	9333
1501	9336
1492	9338
1494	9340
1505	9344
1511	9346
1512	9349
1511	9351
1507	9353
1503	9356
1503	9358
1507	9361
1512	9363
1513	9365
1508	9368
1500	9370
1500	9372
1506	9375
1509	9377
1515	9380
1517	9382
1516	9384
1509	9388
1502	9390
1500	9393
1503	9395
1507	9397
1511	9400
1512	9402
1509	9405
1505	9407
1507	9409
1508	9412
1509	9414
1511	9417
1516	9419
1515	9421
1503	9424
1499	9426
1507	9430
1514	9432
1517	9434
1518	9437
1517	9439
1515	9442
1510	9444
1499	9446
1490	9449
1491	9451
1502	9453
1508	9456
1512	9458
1512	9461
1510	9463
1511	9465
1514	9468
1514	9470
1513	9474
1511	9476
1510	9478
1508	9481
1500	9483
1500	9486
1505	9488
1512	9490
1515	9493
1516	9495
1517	9498
1516	9500
1514	9502
1509	9505
1503	9507
1501	9510
1502	9512
1503	9515
1510	9518
1513	9520
1510	9523
1510	9525
1514	9527
1517	9530
1511	9532
1502	9535
1497	9537
1499	9539
1498	9542
1494	9544
1499	9547
1510	9549
1513	9551
1514	9554
1516	9556
1511	9559
1507	9562
1509	9564
1512	9567
1510	9569
1511	9571
1513	9574
1514	9576
1515	9579
1518	9581
1521	9583
1519	9586
1517	9588
1514	9591
1512	9593
1511	9595
1512	9598
1511	9601
1513	9604
1513	9606
1511	9608
1509	9611
1504	9613
1500	9616
1494	9618
1488	9620
1484	9623
1485	9625
1489	9628
1495	9630
1499	9632
1503	9635
1510	9637
1513	9640
1516	9643
1513	9645
1510	9648
1509	9650
1509	9653
1510	9655
1512	9657
1516	9660
1515	9662
1511	9664
1509	9667
1508	9669
1509	9672
1510	9674
1508	9676
1507	9679
1510	9681
1513	9684
1510	9687
1502	9689
1494	9692
1498	9694
1509	9697
1513	9699
1513	9701
1508	9704
1506	9706
1502	9709
1498	9711
1496	9713
1498	9716
1506	9718
1510	9721
1507	9723
1503	9725
1502	9729
1502	9731
1500	9734
1500	9736
1506	9738
1511	9741
1514	9743
1515	9745
1512	9748
1508	9750
1508	9753
1509	9755
1507	9757
1506	9760
1507	9762
1509	9765
1507	9767
1506	9769
1507	9773
1503	9775
1499	9778
1499	9780
1506	9782
1507	9785
1502	9787
1497	9790
1498	9792
1505	9794
1511	9797
1511	9799
1499	9802
1483	9804
1482	9806
1491	9809
1498	9811
1497	9815
1497	9817
1496	9819
1496	9822
1501	9824
1503	9826
1502	9829
1506	9831
1513	9834
1514	9836
1502	9838
1486	9841
1484	9843
1490	9846
1497	9848
1502	9850
1505	9853
1504	9856
1504	9859
1509	9861
1513	9863
1513	9866
1503	9868
1502	9871
1508	9873
1506	9875
1502	9878
1499	9880
1495	9883
1497	9885
1509	9887
1516	9890
1512	9892
1504	9895
1503	9897
1508	9900
1510	9903
1506	9905
1508	9908
1513	9910
1517	9912
1514	9915
1513	9917
1505	9919
1501	9922
1501	9924
1504	9927
1510	9929
1517	9931
1520	9934
1520	9936
1519	9939
1516	9942
1516	9944
1518	9947
1518	9949
1516	9952
1511	9954
1508	9956
1506	9959
1507	9961
1510	9964
1515	9966
1516	9968
1512	9971
1510	9973
1509	9976
1501	9978
1491	9980
1478	9984
1475	9986
1483	9989
1492	9991
1504	9993
1510	9996
1513	9998
1516	10001
1517	10003
1517	10005
1516	10008
1514	10010
1515	10013
1519	10015
1520	10018
1518	10020
1516	10023
1514	10025
1511	10028
1506	10031
1500	10033
1500	10036
1504	10038
1509	10041
1507	10043
1508	10046
1510	10048
1510	10050
1510	10053
1502	10055
1496	10058
1496	10060
1500	10063
1500	10065
1506	10068
1508	10071
1507	10073
1505	10076
1505	10078
1504	10081
1505	10083
1505	10086
1503	10088
1505	10091
1510	10093
1517	10095
1515	10098
1511	10100
1509	10103
1510	10105
1511	10108
1512	10110
1515	10114
1518	10116
1519	10118
1518	10121
1512	10123
1505	10126
1503	10128
1506	10131
1509	10133
1513	10136
1515	10138
1515	10141
1516	10143
1516	10145
1514	10148
1513	10150
1512	10153
1509	10156
1501	10159
1497	10161
1490	10164
1486	10166
1491	10168
1499	10171
1501	10173
1495	10176
1496	10178
1508	10181
1516	10183
1514	10186
1510	10188
1511	10190
1516	10193
1519	10195
1520	10199
1520	10201
1520	10204
1518	10206
1518	10209
1515	10211
1515	10213
1515	10216
1515	10218
1513	10221
1506	10223
1503	10226
1500	10228
1498	10231
1495	10233
1492	10235
1491	10238
1496	10241
1502	10244
1502	10246
1503	10249
1503	10251
1500	10254
1497	10256
1493	10258
1493	10261
1501	10263
1508	10266
1512	10268
1512	10271
1511	10273
1509	10276
1502	10278
1497	10280
1497	10284
1499	10286
1500	10289
1507	10291
1510	10294
1510	10296
1511	10299
1513	10301
1514	10303
1511	10306
1509	10308
1511	10311
1514	10313
1515	10316
1513	10318
1506	10321
1494	10323
1489	10326
1493	10329
1492	10331
1491	10334
1494	10336
1500	10339
1496	10341
1490	10344
1490	10346
1497	10348
1501	10351
1505	10353
1509	10356
1512	10358
1512	10361
1509	10363
1507	10366
1506	10369
1506	10371
1511	10374
1514	10376
1515	10379
1517	10381
1519	10384
1521	10386
1517	10389
1506	10391
1503	10393
1509	10396
1514	10398
1511	10401
1506	10403
1507	10406
1502	10408
1496	10412
1496	10414
1503	10416
1508	10419
1509	10421
1498	10424
1490	10426
1495	10429
1506	10431
1510	10434
1508	10436
1507	10438
1510	10441
1513	10443
1514	10446
1517	10448
1510	10451
1494	10454
1486	10457
1494	10459
1503	10461
1507	10464
1507	10466
1508	10469
1510	10471
1512	10474
1512	10476
1511	10479
1511	10481
1513	10483
1515	10486
1514	10488
1512	10491
1512	10493
1513	10497
1512	10499
1510	10502
1507	10504
1505	10506
1500	10509
1494	10511
1496	10514
1500	10516
1507	10519
1506	10521
1493	10524
1483	10526
1489	10528
1498	10531
1504	10533
1510	10536
1511	10539
1506	10542
1500	10544
1497	10547
1504	10549
1510	10551
1512	10554
1512	10556
1512	10559
1512	10561
1514	10564
1513	10566
1511	10569
1509	10571
1507	10573
1505	10576
1503	10578
1503	10582
1502	10584
1500	10587
1498	10589
1500	10592
1496	10594
1493	10596
1492	10599
1492	10601
1496	10604
1499	10606
1503	10609
1508	10611
1511	10614
1504	10616
1495	10618
1493	10621
1496	10624
1503	10627
1511	10629
1515	10632
1515	10634
1515	10637
1509	10639
1507	10642
1509	10644
1515	10646
1517	10649
1518	10651
1518	10654
1517	10656
1516	10659
1517	10661
1508	10664
1490	10667
1485	10669
1493	10672
1502	10674
1503	10677
1497	10679
1498	10682
1507	10684
1513	10686
1515	10689
1516	10691
1512	10694
1507	10696
1505	10699
1507	10701
1510	10704
1511	10706
1514	10708
1516	10712
1518	10714
1521	10717
1521	10719
1520	10722
1516	10724
1506	10727
1501	10729
1501	10731
1500	10734
1490	10736
1489	10739
1494	10741
1503	10744
1507	10746
1513	10749
1515	10752
1514	10755
1513	10757
1516	10759
1516	10762
1516	10764
1518	10767
1520	10769
1521	10772
1520	10774
1521	10776
1519	10779
1517	10781
1515	10784
1515	10786
1512	10789
1508	10791
1508	10795
1508	10797
1508	10800
1504	10802
1501	10804
1500	10807
1503	10809
1505	10812
1504	10814
1505	10817
1502	10819
1499	10822
1498	10824
1506	10826
1513	10829
1517	10831
1517	10834
1514	10836
1514	10840
1514	10842
1514	10845
1514	10847
1515	10849
1518	10852
1519	10854
1513	10857
1508	10859
1511	10862
1517	10864
1519	10867
1518	10869
1517	10871
1517	10874
1515	10876
1505	10880
1496	10882
1498	10885
1503	10887
1509	10890
1510	10892
1508	10894
1504	10897
1502	10899
1502	10902
1502	10904
1506	10907
1506	10909
1508	10912
1506	10914
1508	10916
1513	10919
1513	10921
1514	10925
1513	10927
1509	10930
1501	10932
1495	10935
1497	10937
1503	10939
1506	10942
1508	10944
1508	10947
1511	10949
1513	10952
1514	10954
1516	10957
1518	10959
1519	10961
1520	10964
1521	10967
1518	10970
1514	10972
1513	10975
1515	10977
1517	10980
1515	10982
1511	10984
1507	10987
1503	10989
1501	10992
1507	10994
1506	10997
1497	10999
1493	11002
1495	11004
1496	11006
1498	11010
1506	11012
1513	11015
1516	11017
1515	11020
1515	11022
1516	11025
1517	11027
1516	11029
1514	11032
1513	11034
1516	11037
1517	11039
1518	11042
1519	11044
1519	11047
1521	11049
1522	11052
1523	11055
1521	11057
1516	11060
1506	11062
1501	11065
1501	11067
1505	11070
1505	11072
1504	11074
1501	11077
1503	11079
1503	11082
1502	11084
1501	11087
1499	11089
1499	11092
1502	11095
1509	11097
1507	11100
1502	11102
1507	11105
1512	11107
1514	11110
1516	11112
1520	11115
1522	11117
1521	11120
1518	11122
1515	11124
1516	11127
1517	11129
1518	11132
1512	11134
1506	11138
1507	11140
1510	11143
1513	11145
1510	11147
1503	11150
1501	11152
1501	11155
1503	11157
1499	11160
1497	11162
1501	11165
1505	11167
1510	11169
1512	11172
1509	11174
1504	11177
1504	11180
1502	11183
1498	11185
1499	11188
1502	11190
1505	11192
1509	11195
1507	11197
1508	11200
1512	11202
1511	11205
1506	11207
1500	11210
1502	11212
1506	11214
1506	11217
1507	11219
1511	11223
1513	11225
1512	11228
1513	11230
1515	11233
1519	11235
1518	11237
1512	11240
1506	11242
1502	11245
1505	11247
1511	11250
1509	11252
1505	11255
1504	11257
1503	11259
1504	11262
1506	11265
1501	11268
1494	11270
1498	11273
1509	11275
1516	11278
1519	11280
1522	11282
1523	11285
1522	11287
1521	11290
1521	11292
1521	11295
1519	11297
1515	11300
1507	11302
1502	11305
1506	11308
1511	11310
1513	11313
1511	11315
1507	11318
1502	11320
1485	11323
1479	11325
1486	11327
1503	11330
1514	11332
1517	11335
1518	11337
1519	11340
1520	11342
1519	11345
1516	11347
1518	11351
1518	11353
1521	11355
1521	11358
1519	11360
1518	11363
1518	11365
1518	11368
1518	11370
1518	11373
1510	11375
1500	11377
1491	11380
1494	11382
1498	11385
1504	11387
1512	11390
1517	11393
1520	11396
1519	11398
1516	11400
1513	11403
1514	11405
1516	11408
1518	11410
1518	11413
1519	11415
1521	11418
1521	11420
1519	11422
1517	11425
1515	11427
1517	11430
1519	11432
1517	11436
1508	11438
1500	11441
1502	11443
1505	11445
1505	11448
1506	11450
1510	11453
1516	11455
1517	11458
1515	11460
1503	11463
1496	11465
1502	11467
1513	11470
1516	11472
1516	11475
1516	11478
1519	11481
1522	11483
1522	11486
1521	11488
1518	11490
1514	11493
1505	11495
1498	11498
1496	11500
1505	11503
1513	11505
1514	11508
1509	11510
1507	11512
1512	11515
1518	11517
1520	11521
1515	11523
1511	11526
1510	11528
1517	11531
1520	11533
1522	11535
1521	11538
1518	11540
1517	11543
1517	11545
1513	11548
1506	11550
1502	11553
1497	11555
1496	11557
1496	11560
1497	11563
1501	11566
1509	11568
1515	11571
1514	11573
1515	11576
1515	11578
1512	11580
1511	11583
1514	11585
1512	11588
1509	11590
1508	11593
1514	11595
1515	11598
1508	11600
1503	11602
1505	11606
1506	11608
1502	11611
1493	11613
1493	11616
1496	11618
1503	11621
1509	11623
1514	11626
1514	11628
1514	11630
1518	11633
1521	11635
1521	11638
1519	11640
1517	11643
1514	11645
1513	11649
1515	11651
1516	11653
1517	11656
1516	11658
1511	11661
1507	11663
1506	11666
1510	11668
1513	11671
1511	11673
1495	11675
1488	11678
1495	11680
1502	11683
1510	11685
1510	11688
1497	11691
1489	11694
1494	11696
1504	11698
1512	11701
1511	11703
1508	11706
1508	11708
1512	11711
1514	11713
1514	11716
1516	11718
1518	11720
1516	11723
1513	11725
1513	11728
1516	11730
1519	11734
1521	11736
1518	11739
1515	11741
1513	11743
1511	11746
1511	11748
1514	11751
1515	11753
1504	11756
1491	11758
1491	11761
1498	11763
1510	11765
1516	11768
1516	11770
1509	11773
1503	11776
1503	11779
1505	11781
1507	11784
1507	11786
1509	11788
1509	11791
1508	11793
1510	11796
1512	11798
1515	11801
1516	11803
1519	11806
1520	11808
1521	11810
1512	11813
1507	11815
1510	11819
1515	11821
1513	11824
1515	11826
1520	11829
1522	11831
1523	11833
1523	11836
1522	11838
1518	11841
1516	11843
1514	11846
1507	11848
1493	11851
1491	11853
1496	11855
1506	11858
1511	11860
1516	11864
1515	11866
1516	11869
1518	11871
1519	11874
1514	11876
1508	11878
1510	11881
1510	11883
1511	11886
1514	11888
1514	11891
1513	11893
1513	11896
1517	11898
1520	11901
1520	11904
1519	11906
1518	11909
1518	11911
1518	11914
1518	11916
1516	11919
1511	11921
1507	11924
1507	11926
1510	11928
1510	11931
1513	11933
1518	11936
1516	11938
1511	11941
1505	11943
1501	11947
1506	11949
1506	11951
1504	11954
1505	11956
1506	11959
1507	11961
1508	11964
1516	11966
1517	11969
1517	11971
1516	11973
1516	11976
1517	11978
1519	11981
1520	11983
1521	11986
1520	11988
1516	11992
1513	11994
1514	11996
1517	11999
1506	12001
1496	12004
1494	12006
1503	12009
1509	12011
1513	12014
1515	12016
1514	12018
1512	12021
1510	12023
1511	12026
1505	12028
1503	12032
1498	12034
1491	12037
1489	12039
1495	12041
1499	12044
1505	12046
1511	12049
1516	12051
1518	12054
1519	12056
1519	12059
1516	12061
1517	12063
1521	12066
1520	12068
1517	12071
1516	12073
1517	12077
1518	12079
1521	12082
1522	12084
1522	12086
1517	12089
1508	12091
1504	12094
1504	12096
1507	12099
1511	12101
1516	12104
1516	12106
1514	12108
1507	12111
1501	12113
1506	12116
1509	12119
1503	12122
1499	12124
1503	12127
1511	12129
1517	12132
1519	12134
1516	12136
1512	12139
1508	12141
1511	12144
1514	12146
1518	12149
1519	12151
1520	12154
1519	12156
1519	12158
1517	12162
1513	12164
1513	12167
1515	12169
1515	12172
1514	12174
1513	12177
1511	12179
1513	12181
1516	12184
1514	12186
1510	12189
1500	12191
1496	12194
1496	12196
1503	12199
1510	12201
1514	12204
1515	12207
1513	12209
1512	12212
1514	12214
1512	12217
1510	12219
1512	12222
1513	12224
1514	12226
1514	12229
1511	12231
1511	12234
1514	12236
1514	12239
1509	12241
1505	12244
1503	12247
1497	12249
1490	12252
1496	12254
1503	12257
1504	12259
1501	12262
1500	12264
1505	12267
1507	12269
1508	12271
1508	12274
1510	12276
1512	12279
1516	12281
1520	12284
1522	12286
1520	12290
1514	12292
1513	12294
1512	12297
1514	12299
1516	12302
1517	12304
1516	12307
1517	12309
1517	12312
1516	12314
1517	12316
1516	12319
1515	12321
1511	12324
1508	12326
1509	12329
1513	12332
1508	12335
1504	12337
1506	12340
1511	12342
1513	12344
1506	12347
1500	12349
1494	12352
1498	12354
1505	12357
1509	12359
1511	12362
1513	12364
1515	12366
1516	12369
1516	12371
1514	12375
1514	12377
1510	12380
1507	12382
1506	12385
1509	12387
1511	12389
1511	12392
1510	12394
1513	12397
1514	12399
1514	12402
1512	12404
1513	12407
1513	12409
1509	12411
1507	12414
1509	12417
1513	12420
1513	12422
1511	12425
1511	12427
1511	12430
1511	12432
1512	12434
1513	12437
1512	12439
1512	12442
1512	12444
1513	12447
1513	12449
1511	12452
1510	12454
1507	12457
1504	12460
1504	12462
1510	12465
1510	12467
1508	12470
1504	12472
1502	12475
1506	12477
1511	12480
1513	12482
1515	12484
1515	12487
1515	12489
1514	12492
1514	12494
1513	12497
1510	12499
1506	12503
1505	12505
1507	12507
1509	12510
1510	12512
1509	12515
1511	12517
1510	12520
1510	12522
1510	12525
1511	12527
1512	12529
1513	12532
1514	12534
1513	12537
1513	12539
1512	12542
1511	12545
1509	12548
1507	12550
1506	12552
1508	12555
1509	12557
1508	12560
1506	12562
1506	12565
1508	12567
1506	12570
1503	12572
1505	12574
1508	12577
1508	12579
1509	12582
1506	12584
1504	12588
1496	12590
1491	12593
1492	12595
1500	12598
1507	12600
1511	12602
1512	12605
1513	12607
1511	12610
1511	12612
1512	12615
1511	12617
1510	12620
1510	12622
1510	12624
1511	12627
1511	12630
1511	12633
1511	12635
1509	12638
1505	12640
1499	12643
1498	12645
1502	12647
1507	12650
1510	12652
1511	12655
1508	12657
1503	12660
1503	12662
1504	12665
1502	12667
1504	12669
1505	12673
1506	12675
1508	12678
1510	12680
1511	12683
1511	12685
1511	12688
1511	12690
1510	12692
1507	12695
1506	12697
1506	12700
1508	12702
1509	12705
1509	12707
1507	12710
1505	12712
1504	12715
1503	12718
1502	12720
1499	12723
1499	12725
1500	12728
1504	12730
1508	12733
1510	12735
1507	12738
1500	12740
1494	12742
1491	12745
1493	12747
1494	12750
1492	12752
1492	12755
1497	12758
1500	12761
1502	12763
1504	12765
1508	12768
1510	12770
1511	12773
1509	12775
1508	12778
1510	12780
1513	12783
1515	12785
1515	12787
1514	12790
1515	12792
1516	12795
1516	12797
1514	12801
1511	12803
1507	12806
1504	12808
1503	12810
1507	12813
1507	12815
1507	12818
1508	12820
1511	12823
1511	12825
1508	12828
1503	12830
1502	12832
1506	12835
1510	12837
1500	12840
1483	12843
1477	12846
1482	12848
1495	12851
1504	12853
1508	12855
1510	12858
1512	12860
1514	12863
1515	12865
1516	12868
1516	12870
1517	12873
1516	12875
1513	12877
1510	12880
1508	12882
1508	12886
1511	12888
1509	12891
1509	12893
1509	12896
1509	12898
1509	12900
1509	12903
1504	12905
1499	12908
1498	12910
1501	12913
1500	12915
1496	12918
1497	12920
1499	12922
1502	12925
1506	12928
1508	12931
1509	12933
1510	12936
1510	12938
1511	12940
1509	12943
1505	12945
1503	12948
1503	12950
1504	12953
1506	12955
1506	12958
1506	12960
1507	12962
1507	12965
1505	12967
1499	12971
1491	12973
1489	12976
1490	12978
1492	12981
1488	12983
1483	12985
1484	12988
1490	12990
1494	12993
1496	12995
1499	12998
1500	13000
1501	13003
1504	13005
1506	13007
1508	13010
1510	13012
1510	13016
1508	13018
1508	13021
1509	13023
1509	13026
1509	13028
1508	13030
1506	13033
1506	13035
1506	13038
1505	13040
1504	13043
1502	13045
1504	13048
1503	13050
1502	13052
1499	13056
1499	13058
1496	13061
1491	13063
1488	13066
1487	13068
1488	13071
1489	13073
1492	13075
1496	13078
1499	13080
1501	13083
1501	13085
1499	13088
1501	13090
1503	13093
1506	13095
1508	13097
1510	13101
1511	13103
1512	13106
1512	13108
1511	13111
1511	13113
1510	13116
1509	13118
1508	13120
1506	13123
1505	13125
1504	13128
1505	13130
1506	13133
1509	13135
1508	13138
1505	13140
1501	13143
1500	13146
1500	13148
1499	13151
1498	13153
1497	13156
1495	13158
1494	13161
1494	13163
1497	13165
1503	13168
1506	13170
1507	13173
1508	13175
1510	13178
1512	13180
1513	13184
1513	13186
1513	13188
1513	13191
1512	13193
1512	13196
1510	13198
1507	13201
1503	13203
1503	13206
1505	13208
1507	13210
1509	13213
1509	13215
1503	13218
1496	13220
1493	13223
1495	13225
1497	13229
1497	13231
1497	13233
1498	13236
1498	13238
1500	13241
1501	13243
1502	13246
1502	13248
1503	13251
1501	13253
1500	13255
1498	13258
1500	13260
1503	13263
1506	13265
1507	13268
1509	13271
1509	13274
1508	13276
1508	13278
1505	13281
1502	13283
1500	13286
1502	13288
1504	13291
1505	13293
1505	13296
1506	13298
1507	13300
1507	13303
1505	13305
1501	13308
1502	13310
1503	13314
1499	13316
1494	13319
1489	13321
1489	13323
1492	13326
1496	13328
1500	13331
1506	13333
1509	13336
1511	13338
1512	13341
1512	13343
1513	13345
1514	13348
1514	13350
1513	13353
1512	13356
1512	13359
1512	13361
1513	13364
1513	13366
1513	13369
1513	13371
1510	13373
1507	13376
1508	13378
1510	13381
1511	13383
1508	13386
1504	13388
1501	13391
1503	13393
1505	13395
1504	13399
1501	13401
1498	13404
1500	13406
1504	13409
1504	13411
1501	13414
1497	13416
1499	13418
1504	13421
1507	13423
1510	13426
1512	13428
1513	13431
1515	13433
1515	13436
1516	13438
1515	13441
1515	13444
1513	13446
1512	13449
1512	13451
1512	13454
1513	13456
1511	13459
1509	13461
1506	13463
1504	13466
1507	13468
1509	13471
1510	13473
1510	13476
1510	13478
1511	13481
1512	13484
1513	13486
1513	13489
1512	13491
1510	13494
1509	13496
1509	13499
1510	13501
1510	13504
1508	13506
1506	13508
1503	13511
1502	13513
1503	13516
1504	13518
1504	13521
1504	13523
1504	13527
1505	13529
1505	13531
1502	13534
1495	13536
1485	13539
1482	13541
1486	13544
1493	13546
1498	13549
1502	13551
1506	13553
1507	13556
1508	13558
1508	13561
1509	13563
1509	13566
1510	13569
1509	13572
1509	13574
1507	13576
1505	13579
1503	13581
1503	13584
1504	13586
1504	13589
1503	13591
1500	13594
1499	13596
1499	13598
1500	13601
1500	13603
1500	13606
1499	13608
1499	13612
1500	13614
1500	13617
1499	13619
1497	13621
1495	13624
1493	13626
1492	13629
1491	13631
1485	13634
1481	13636
1482	13639
1489	13641
1496	13643
1501	13646
1503	13648
1506	13651
1509	13654
1511	13657
1512	13659
1513	13662
1516	13664
1519	13666
1521	13669
1522	13671
1522	13674
1522	13676
1521	13679
1521	13681
1520	13684
1520	13686
1519	13688
1518	13691
1518	13693
1517	13697
1515	13699
1513	13702
1510	13704
1509	13707
1509	13709
1512	13711
1516	13714
1518	13716
1519	13719
1520	13721
1520	13724
1521	13726
1521	13729
1519	13731
1516	13733
1515	13736
1516	13739
1517	13742
1518	13744
1519	13747
1520	13749
1522	13752
1522	13754
1522	13756
1521	13759
1520	13761
1520	13764
1520	13766
1520	13769
1519	13771
1519	13774
1518	13776
1515	13779
1514	13782
1511	13784
1509	13787
1509	13789
1507	13792
1505	13794
1502	13797
1498	13799
1499	13801
1503	13804
1505	13806
1507	13809
1509	13811
1508	13814
1507	13816
1508	13819
1509	13821
1511	13825
1512	13827
1513	13829
1515	13832
1515	13834
1516	13837
1516	13839
1515	13842
1515	13844
1515	13847
1515	13849
1515	13851
1514	13854
1513	13856
1510	13859
1509	13861
1508	13864
1509	13867
1511	13870
1511	13872
1511	13874
1511	13877
1510	13879
1506	13882
1505	13884
1504	13887
1500	13889
1496	13892
1493	13894
1492	13896
1495	13899
1498	13901
1501	13904
1503	13906
1504	13910
1507	13912
1508	13915
1509	13917
1509	13919
1509	13922
1508	13924
1507	13927
1506	13929
1506	13932
1505	13934
1505	13937
1506	13939
1506	13941
1505	13944
1505	13946
1505	13949
1504	13952
1503	13955
1500	13957
1499	13960
1498	13962
1498	13964
1499	13967
1500	13969
1501	13972
1502	13974
1501	13977
1499	13979
1499	13982
1500	13984
1499	13986
1497	13989
1494	13991
1494	13995
1495	13997
1497	14000
1499	14002
1500	14005
1501	14007
1501	14009
1501	14012
1502	14014
1502	14017
1502	14019
1502	14022
1501	14024
1500	14027
1500	14029
1500	14032
1500	14034
1499	14036
1497	14040
1494	14042
1492	14045
1492	14047
1493	14050
1495	14052
1495	14055
1496	14057
1496	14059
1497	14062
1496	14064
1497	14067
1498	14069
1497	14072
1498	14074
1498	14077
1498	14080
1498	14082
1499	14085
1499	14087
1499	14090
1499	14092
1499	14095
1499	14097
1500	14100
1501	14102
1501	14104
1500	14107
1499	14109
1497	14112
1494	14114
1493	14117
1495	14119
1496	14123
1497	14125
1497	14127
1498	14130
1498	14132
1498	14135
1499	14137
1499	14140
1498	14142
1499	14145
1501	14147
1502	14149
1502	14152
1503	14154
1503	14157
1502	14159
1501	14162
1501	14164
1502	14168
1504	14170
1505	14172
1505	14175
1505	14177
1505	14180
1505	14182
1506	14185
1506	14187
1506	14190
1506	14192
1505	14194
1505	14197
1506	14199
1506	14202
1506	14204
1506	14208
1506	14210
1506	14213
1506	14215
1506	14217
1505	14220
1505	14222
1505	14225
1504	14227
1504	14230
1504	14232
1505	14235
1505	14237
1505	14239
1505	14242
1505	14244
1505	14247
1504	14249
1503	14253
1503	14255
1503	14258
1503	14260
1503	14262
1504	14265
1505	14267
1505	14270
1506	14272
1505	14275
1505	14277
1505	14280
1505	14282
1506	14284
1505	14287
1505	14289
1505	14292
1505	14295
1505	14298
1505	14300
1505	14303
1505	14305
1505	14307
1505	14310
1504	14312
1504	14315
1504	14317
1505	14320
1505	14322
1504	14325
1504	14327
1503	14329
1503	14332
1503	14334
1503	14338
1503	14340
1503	14343
1502	14345
1502	14348
1502	14350
1502	14352
1503	14355
1503	14357
1503	14360
1502	14362
1502	14365
1502	14367
1502	14370
1502	14372
1502	14375
1502	14377
1502	14380
1502	14383
1502	14385
1502	14388
1503	14390
1503	14393
1503	14395
1503	14398
1503	14400
1503	14402
1504	14405
1503	14407
1503	14410
1503	14412
1503	14415
1503	14417
1503	14420
1502	14423
1502	14425
1501	14428
1501	14430
1500	14433
1500	14435
1500	14438
1500	14440
1499	14443
1498	14445
1498	14447
1498	14450
1497	14452
1497	14455
1497	14457
1496	14460
1496	14462
1495	14465
1495	14468
1495	14470
1495	14473
1495	14475
1494	14478
1494	14480
1494	14483
1494	14485
1494	14487
1494	14490
1493	14492
1493	14495
1493	14497
1493	14500
1494	14502
1494	14505
1494	14508
1493	14510
1493	14513
1493	14515
1493	14518
1493	14520
1493	14523
1493	14525
1493	14528
1493	14530
1493	14532
1493	14535
1493	14537
1493	14540
1493	14542
1493	14545
1493	14547
1493	14551
1493	14553
1493	14555
1493	14558
1493	14560
1493	14563
1493	14565
1493	14568
1493	14570
1493	14573
1493	14575
1493	14577
1493	14580
1493	14582
1493	14585
1493	14587
1493	14590
1493	14593
1493	14596
1493	14598
1494	14600
1494	14603
1495	14605
1495	14608
1495	14610
1495	14613
1495	14615
1496	14618
1496	14620
1497	14622
1497	14625
1497	14627
1497	14630
1498	14632
1499	14636
1499	14638
1500	14641
1500	14643
1500	14645
1501	14648
1502	14650
1502	14653
1503	14655
1503	14658
1503	14660
1504	14663
1504	14665
1505	14668
1505	14670
1506	14672
1506	14675
1506	14678
1506	14681
1506	14683
1507	14686
1508	14688
1508	14691
1509	14693
1509	14695
1509	14698
1510	14700
1511	14703
1511	14705
1511	14708
1511	14710
1512	14713
1512	14715
1512	14717
1513	14721
1513	14723
1513	14726
1513	14728
1513	14731
1514	14733
1514	14736
1514	14738
1514	14740
1514	14743
1513	14745
1513	14748
1514	14750
1514	14753
1514	14755
1514	14758
1514	14760
1514	14763
1514	14766
1514	14768
1514	14771
1514	14773
1514	14776
1514	14778
1514	14781
1514	14783
1515	14785
1515	14788
1515	14790
1515	14793
1515	14795
1515	14798
1515	14800
1516	14803
1516	14806
1516	14808
1516	14811
1516	14813
1516	14816
1516	14818
1516	14821
1517	14823
1516	14826
1516	14828
1517	14830
1517	14833
1517	14835
1517	14838
1517	14840
1517	14843
1517	14845
1517	14849
1517	14851
1518	14853
1518	14856
1517	14858
1517	14861
1516	14863
1516	14866
1516	14868
1516	14871
1516	14873
1516	14876
1516	14878
1516	14880
1516	14883
1516	14885
1516	14888
1515	14891
1515	14894
1515	14896
1515	14898
1515	14901
1516	14903
1516	14906
1516	14908
1516	14911
1516	14913
1516	14916
1517	14918
1517	14921
1518	14923
1518	14925
1518	14928
1519	14930
1519	14934
1519	14936
1520	14939
1520	14941
1520	14944
1520	14946
1520	14948
1520	14951
1520	14953
1521	14956
1521	14958
1521	14961
1521	14963
1521	14966
1521	14968
1522	14970
1521	14973
1522	14976
1521	14979
1522	14981
1522	14984
1522	14986
1523	14989
1523	14991
1523	14993
1523	14996
1524	14998
1524	15001
1524	15003
1524	15006
1524	15008
1524	15011
1524	15013
1524	15015
1525	15019
1525	15021
1525	15024
1525	15026
1525	15029
1525	15031
1525	15034
1526	15036
1526	15039
1526	15041
1526	15043
1526	15046
1526	15048
1527	15051
1527	15053
1527	15056
1527	15058
1527	15062
1526	15064
1526	15066
1526	15069
1526	15071
1526	15074
1526	15076
1525	15079
1525	15081
1525	15084
1524	15086
1524	15088
1524	15091
1523	15093
1523	15096
1522	15098
1522	15101
1522	15104
1521	15107
1520	15109
1520	15111
1519	15114
1519	15116
1519	15119
1518	15121
1518	15124
1517	15126
1516	15129
1516	15131
1515	15133
1515	15136
1515	15138
1514	15141
1514	15143
1513	15147
1513	15149
1513	15152
1512	15154
1512	15157
1512	15159
1511	15161
1511	15164
1510	15166
1510	15169
1510	15171
1509	15174
1509	15176
1509	15179
1508	15181
1508	15183
1508	15186
1507	15188
1506	15192
1506	15194
1505	15197
1505	15199
1505	15202
1505	15204
1505	15206
1505	15209
1504	15211
1504	15214
1504	15216
1504	15219
1504	15221
1504	15224
1503	15226
1503	15228
1503	15232
1503	15234
1503	15237
1503	15239
1502	15242
1502	15244
1502	15247
1502	15249
1502	15252
1501	15254
1501	15256
1501	15259
1501	15261
1501	15264
1501	15266
1501	15269
1500	15271
1500	15275
1500	15277
1500	15279
1500	15282
1500	15284
1500	15287
1501	15289
1501	15292
1500	15294
1500	15297
1501	15299
1501	15301
1501	15304
1501	15306
1501	15309
1501	15311
1501	15314
1501	15316
1501	15320
1501	15322
1501	15324
1501	15327
1501	15329
1501	15332
1501	15334
1501	15337
1501	15339
1501	15342
1501	15344
1500	15346
1500	15349
1501	15351
1501	15354
1501	15356
1501	15360
1501	15362
1500	15365
1501	15367
1501	15369
1501	15372
1501	15374
1501	15377
1501	15379
1501	15382
1502	15384
1502	15387
1502	15389
1502	15391
1502	15394
1502	15396
1503	15399
1503	15401
1503	15405
1503	15407
1503	15410
1503	15412
1503	15414
1503	15417
1503	15419
1504	15422
1504	15424
1504	15427
1504	15429
1504	15432
1504	15434
1505	15437
1505	15439
1505	15441
1505	15444
1505	15447
1505	15450
1506	15452
1506	15455
1506	15457
1506	15460
1506	15462
1506	15464
1506	15467
1506	15469
1506	15472
1506	15474
1506	15477
1506	15479
1506	15482
1506	15484
1506	15486
1506	15490
1505	15492
1505	15495
1504	15497
1504	15500
1505	15502
1504	15505
1504	15507
1504	15509
1504	15512
1504	15514
1504	15517
1504	15519
1504	15522
1504	15524
1504	15527
1503	15529
1504	15532
1504	15535
1504	15537
1504	15540
1504	15542
1503	15545
1503	15547
1503	15550
1504	15552
1504	15554
1504	15557
1503	15559
1503	15562
1503	15564
1503	15567
1503	15569
1503	15572
1503	15575
1502	15577
1502	15580
1502	15582
1502	15585
1502	15587
1501	15590
1501	15592
1501	15595
1500	15597
1500	15599
1500	15602
1500	15604
1500	15607
1500	15609
1499	15612
1499	15614
1499	15618
1499	15620
1499	15622
1499	15625
1498	15627
1498	15630
1498	15632
1498	15635
1498	15637
1498	15640
1497	15642
1497	15644
1496	15647
1496	15649
1496	15652
1496	15654
1496	15657
1496	15660
1495	15663
1495	15665
1495	15667
1496	15670
1496	15672
1496	15675
1495	15677
1496	15680
1496	15682
1497	15685
1497	15687
1498	15690
1498	15692
1498	15694
1498	15697
1498	15699
1498	15703
1499	15705
1499	15708
1499	15710
1499	15713
1498	15715
1499	15717
1499	15720
1500	15722
1500	15725
1500	15727
1500	15730
1500	15732
1501	15735
1501	15737
1501	15739
1501	15742
1501	15745
1501	15748
1501	15750
1501	15753
1501	15755
1501	15758
1502	15760
1502	15762
1502	15765
1502	15767
1502	15770
1503	15772
1503	15775
1503	15777
1503	15780
1503	15782
1504	15784
1504	15788
1504	15790
1504	15793
1504	15795
1504	15798
1505	15800
1505	15803
1505	15805
1505	15807
1505	15810
1505	15812
1505	15815
1505	15817
1506	15820
1506	15822
1506	15825
1506	15827
1506	15830
1507	15833
1507	15835
1508	15838
1508	15840
1508	15843
1508	15845
1508	15848
1509	15850
1509	15852
1509	15855
1510	15857
1510	15860
1510	15862
1510	15865
1511	15867
1511	15870
1511	15873
1511	15875
1511	15878
1511	15880
1511	15883
1512	15885
1512	15888
1512	15890
1512	15893
1512	15895
1512	15898
1512	15900
1512	15902
1512	15905
1512	15907
1512	15910
1512	15912
1512	15916
1513	15918
1513	15921
1513	15923
1513	15925
1513	15928
1513	15930
1514	15933
1514	15935
1515	15938
1515	15940
1515	15943
1515	15945
1515	15947
1515	15950
1516	15952
1516	15955
1516	15958
1516	15961
1516	15963
1516	15966
1517	15968
1517	15970
1517	15973
1517	15975
1517	15978
1518	15980
1517	15983
1518	15985
1518	15988
1519	15990
1519	15993
1519	15995
1519	15997
1519	16001
1519	16003
1520	16006
1520	16008
1520	16011
1520	16013
1520	16016
1520	16018
1520	16020
1520	16023
1520	16025
1520	16028
1520	16030
1520	16033
1521	16035
1521	16037
1521	16040
1521	16043
1521	16046
1521	16048
1521	16051
1521	16053
1521	16056
1521	16058
1521	16060
1521	16063
1521	16065
1521	16068
1522	16070
1522	16073
1522	16075
1522	16078
1522	16080
1522	16082
1522	16086
1522	16088
1522	16091
1522	16093
1522	16096
1522	16098
1522	16101
1522	16103
1522	16105
1522	16108
1522	16110
1522	16113
1522	16115
1522	16118
1522	16120
1522	16123
1522	16125
1521	16128
1521	16131
1521	16133
1521	16136
1521	16138
1520	16141
1520	16143
1520	16146
1520	16148
1520	16150
1520	16153
1520	16155
1520	16158
1519	16160
1519	16163
1519	16165
1519	16168
1519	16171
1518	16173
1518	16176
1518	16178
1517	16181
1517	16183
1517	16186
1516	16188
1516	16191
1516	16193
1515	16195
1515	16198
1515	16200
1515	16203
1515	16205
1515	16208
1514	16210
1514	16214
1514	16216
1514	16218
1514	16221
1514	16223
1514	16226
1513	16228
1513	16231
1513	16233
1513	16236
1513	16238
1513	16240
1512	16243
1512	16245
1512	16248
1512	16250
1512	16253
1512	16256
1512	16259
1511	16261
1511	16263
1511	16266
1512	16268
1512	16271
1512	16273
1512	16276
1512	16278
1512	16281
1512	16283
1512	16285
1512	16288
1512	16290
1512	16293
1511	16295
1512	16299
1512	16301
1512	16304
1512	16306
1512	16309
1512	16311
1512	16313
1512	16316
1513	16318
1513	16321
1513	16323
1514	16326
1514	16328
1514	16331
1515	16333
1515	16335
1516	16338
1516	16340
1516	16344
1516	16346
1516	16349
1516	16351
1516	16353
1517	16356
1517	16358
1517	16361
1517	16363
1517	16366
1517	16368
1517	16371
1517	16373
1517	16375
1517	16378
1517	16380
1517	16384
1517	16386
1517	16389
1518	16391
1518	16394
1518	16396
1517	16399
1517	16401
1518	16403
1518	16406
1518	16408
1518	16411
1517	16413
1517	16416
1518	16418
1518	16421
1517	16423
1517	16425
1517	16429
1517	16431
1517	16434
1517	16436
1517	16439
1517	16441
1516	16444
1516	16446
1516	16448
1516	16451
1516	16453
1516	16456
1516	16458
1516	16461
1516	16463
1516	16466
1516	16468
1516	16471
1516	16474
1516	16476
1516	16479
1515	16481
1515	16484
1516	16486
1516	16489
1516	16491
1515	16493
1515	16496
1515	16498
1515	16501
1515	16503
1515	16506
1515	16508
1515	16512
1515	16514
1515	16516
1515	16519
1515	16521
1515	16524
1515	16526
1515	16529
1514	16531
1514	16534
1514	16536
1514	16538
1514	16541
1514	16543
1514	16546
1514	16548
1514	16551
1514	16553
1514	16557
1514	16559
1513	16561
1513	16564
1513	16566
1513	16569
1513	16571
1513	16574
1512	16576
1512	16579
1512	16581
1511	16583
1511	16586
1511	16588
1511	16591
1511	16593
1510	16596
1510	16599
1509	16602
1510	16604
1510	16606
1509	16609
1509	16611
1509	16614
1509	16616
1509	16619
1509	16621
1509	16624
1509	16626
1508	16628
1508	16631
1508	16633
1508	16636
1509	16638
1509	16642
1509	16644
1509	16647
1509	16649
1509	16651
1509	16654
1509	16656
1508	16659
1508	16661
1508	16664
1508	16666
1508	16669
1508	16671
1508	16673
1507	16676
1507	16678
1507	16681
1507	16684
1507	16687
1507	16689
1506	16692
1506	16694
1506	16696
1505	16699
1505	16701
1505	16704
1505	16706
1504	16709
1504	16711
1504	16714
1504	16716
1504	16718
1503	16721
1503	16723
1503	16727
1502	16729
1502	16732
1502	16734
1502	16737
1502	16739
1501	16741
1501	16744
1500	16746
1500	16749
1500	16751
1499	16754
1499	16756
1499	16759
1498	16761
1498	16763
1498	16766
1498	16769
1497	16772
1497	16774
1497	16777
1497	16779
1496	16782
1497	16784
1497	16786
1496	16789
1496	16791
1496	16794
1496	16796
1496	16799
1496	16801
1497	16804
1497	16806
1497	16808
1497	16812
1497	16814
1497	16817
1497	16819
1498	16822
1498	16824
1498	16827
1498	16829
1498	16831
1498	16834
1499	16836
1499	16839
1499	16841
1499	16844
1499	16846
1499	16849
1499	16851
1500	16854
1500	16857
1500	16859
1500	16862
1500	16864
1500	16867
1500	16869
1501	16872
1501	16874
1501	16876
1501	16879
1501	16881
1501	16884
1501	16886
1501	16889
1502	16891
1502	16894
1501	16897
1502	16899
1502	16902
1502	16904
1502	16907
1502	16909
1501	16912
1502	16914
1501	16917
1501	16919
1502	16921
1501	16924
1501	16926
1501	16929
1501	16931
1501	16934
1501	16936
1501	16940
1501	16942
1501	16944
1501	16947
1501	16949
1502	16952
1502	16954
1502	16957
1502	16959
1503	16962
1503	16964
1503	16966
1503	16969
1504	16971
1504	16974
1504	16976
1503	16979
1503	16982
1503	16985
1503	16987
1503	16989
1503	16992
1503	16994
1503	16997
1503	16999
1503	17002
1503	17004
1503	17007
1503	17009
1503	17011
1503	17014
1503	17016
1503	17019
1503	17021
1503	17025
1503	17027
1503	17030
1503	17032
1503	17034
1504	17037
1504	17039
1504	17042
1504	17044
1504	17047
1504	17049
1504	17052
1504	17054
1504	17057
1504	17059
1503	17061
1503	17064
1503	17067
1504	17070
1504	17072
1504	17075
1504	17077
1504	17080
1504	17082
1503	17084
1503	17087
1503	17089
1503	17092
1503	17094
1503	17097
1503	17099
1503	17102
1503	17104
1503	17106
1502	17110
1502	17112
1502	17115
1502	17117
1502	17120
1502	17122
1502	17125
1501	17127
1501	17129
1501	17132
1501	17134
1501	17137
1501	17139
1500	17142
1500	17144
1500	17147
1500	17149
1500	17152
1500	17155
1499	17157
1499	17160
1499	17162
1499	17165
1498	17167
1498	17170
1498	17172
1498	17174
1498	17177
1497	17179
1497	17182
1497	17184
1497	17187
1497	17189
1496	17192
1496	17195
1496	17197
1496	17200
1495	17202
1495	17205
1495	17207
1495	17210
1494	17212
1494	17215
1494	17217
1494	17219
1494	17222
1493	17224
1493	17227
1492	17229
1492	17232
1492	17234
1492	17238
1492	17240
1491	17242
1491	17245
1491	17247
1491	17250
1491	17252
1491	17255
1491	17257
1491	17260
1491	17262
1490	17264
1490	17267
1490	17269
1490	17272
1490	17274
1490	17277
1490	17280
1490	17283
1490	17285
1490	17288
1490	17290
1490	17292
1490	17295
1489	17297
1489	17300
1490	17302
1489	17305
1489	17307
1489	17310
1489	17312
1489	17314
1489	17317
1488	17319
1488	17323
1488	17325
1488	17328
1488	17330
1488	17332
1488	17335
1488	17337
1488	17340
1488	17342
1488	17345
1488	17347
1488	17350
1488	17352
1488	17354
1488	17357
1488	17359
1488	17362
1489	17364
1489	17368
1489	17370
1489	17373
1489	17375
1490	17377
1490	17380
1490	17382
1491	17385
1491	17387
1491	17390
1492	17392
1492	17395
1492	17397
1492	17400
1492	17402
1493	17404
1493	17408
1493	17410
1493	17413
1494	17415
1495	17418
1495	17420
1495	17423
1495	17425
1496	17427
1496	17430
1496	17432
1496	17435
1497	17437
1497	17440
1497	17442
1497	17445
1498	17447
1498	17449
1498	17453
1499	17455
