Device found. I2C connections are good.
1506	2
1506	5
1505	7
1505	9
1505	11
1505	14
1505	16
1505	18
1505	20
1505	23
1504	25
1504	27
1504	30
1505	32
1505	34
1505	36
1505	39
1505	41
1505	44
1506	47
1507	49
1508	51
1508	53
1508	56
1508	58
1507	60
1507	63
1508	65
1508	67
1508	70
1507	72
1506	74
1506	76
1506	79
1506	81
1506	83
1506	87
1506	89
1506	91
1505	93
1505	96
1506	98
1506	100
1506	103
1506	105
1505	107
1505	110
1505	112
1506	114
1506	117
1506	119
1506	121
1505	124
1505	126
1505	129
1506	132
1506	134
1506	136
1506	139
1506	141
1506	144
1506	146
1506	148
1507	151
1507	153
1507	155
1506	158
1507	160
1507	162
1507	165
1508	167
1508	169
1508	173
1508	175
1508	177
1509	180
1510	182
1511	184
1511	187
1511	189
1511	191
1511	194
1511	196
1512	198
1513	201
1513	203
1513	205
1512	208
1512	210
1513	212
1513	216
1514	218
1514	221
1514	223
1514	225
1514	228
1514	230
1515	232
1516	235
1516	237
1516	239
1515	242
1515	244
1516	246
1517	249
1517	251
1517	253
1517	257
1517	259
1517	261
1517	264
1518	266
1518	268
1518	271
1517	273
1517	275
1517	278
1517	280
1517	282
1517	285
1517	287
1516	289
1516	292
1516	294
1516	297
1516	300
1516	302
1516	305
1515	307
1514	309
1514	312
1514	314
1515	316
1514	319
1514	321
1513	323
1513	326
1513	328
1513	330
1513	333
1513	335
1512	337
1512	340
1511	343
1511	345
1511	348
1511	350
1511	352
1511	355
1510	357
1510	359
1510	362
1510	364
1511	367
1511	369
1510	371
1510	374
1509	376
1510	378
1510	381
1510	384
1511	386
1510	389
1510	391
1510	393
1510	396
1510	398
1511	400
1511	403
1510	405
1510	407
1510	410
1510	412
1510	414
1511	417
1511	419
1511	421
1510	424
1510	427
1510	429
1511	432
1511	434
1511	437
1511	439
1510	441
1510	444
1511	446
1511	448
1511	451
1512	453
1511	455
1511	458
1511	460
1511	462
1511	465
1512	467
1512	470
1512	473
1511	475
1511	477
1512	480
1512	482
1513	484
1513	487
1513	489
1513	491
1513	494
1513	496
1514	498
1514	501
1514	503
1514	505
1513	508
1513	510
1513	514
1514	516
1514	518
1514	521
1513	523
1513	525
1513	528
1513	530
1514	532
1513	535
1513	537
1513	539
1512	542
1512	544
1512	546
1513	549
1513	551
1512	553
1512	557
1512	559
1511	561
1512	564
1512	566
1512	568
1512	571
1511	573
1510	576
1510	578
1510	580
1511	583
1511	585
1511	587
1510	590
1510	592
1510	594
1510	598
1511	600
1511	602
1511	605
1510	607
1510	609
1510	612
1511	614
1511	616
1511	619
1511	621
1510	623
1510	626
1510	628
1510	630
1511	633
1511	635
1510	637
1510	641
1510	643
1510	646
1511	648
1511	650
1511	653
1511	655
1510	657
1510	660
1510	662
1510	664
1511	667
1511	669
1511	671
1511	674
1511	676
1511	678
1512	681
1512	684
1512	686
1512	689
1512	691
1512	693
1512	696
1513	698
1513	700
1514	703
1513	705
1513	707
1512	710
1513	712
1513	715
1514	717
1514	719
1513	722
1513	724
1513	727
1513	730
1513	732
1513	734
1513	737
1513	739
1512	741
1512	744
1512	746
1513	748
1513	751
1513	753
1512	755
1512	758
1512	760
1512	762
1513	765
1513	768
1514	770
1513	773
1513	775
1513	777
1514	780
1514	782
1515	785
1515	787
1515	789
1515	792
1515	794
1515	796
1515	799
1516	801
1516	803
1515	806
1515	808
1515	811
1515	814
1516	816
1516	818
1516	821
1516	823
1515	825
1515	828
1516	830
1516	832
1517	835
1517	837
1516	839
1516	842
1516	844
1516	846
1516	849
1517	851
1516	855
1516	857
1516	859
1516	862
1516	864
1517	866
1517	869
1517	871
1516	873
1516	876
1516	878
1516	880
1516	883
1516	885
1516	887
1516	890
1515	892
1515	894
1515	898
1516	900
1516	902
1516	905
1515	907
1515	909
1515	912
1515	914
1515	916
1515	919
1515	921
1514	923
1514	926
1514	928
1514	931
1515	933
1515	935
1514	939
1514	941
1514	943
1514	946
1514	948
1515	950
1515	953
1514	955
1514	957
1514	960
1514	962
1514	964
1515	967
1515	969
1515	971
1514	974
1514	976
1514	978
1515	982
1515	984
1515	986
1515	989
1515	991
1514	993
1515	996
1515	998
1516	1001
1516	1003
1516	1005
1515	1008
1515	1010
1515	1013
1516	1015
1516	1017
1516	1020
1516	1022
1516	1025
1516	1028
1516	1030
1517	1033
1517	1035
1517	1037
1517	1040
1516	1042
1516	1045
1517	1047
1517	1049
1517	1052
1517	1054
1517	1057
1517	1059
1517	1061
1518	1064
1518	1067
1518	1070
1518	1072
1518	1074
1517	1077
1517	1079
1518	1082
1518	1084
1518	1086
1517	1089
1517	1091
1517	1094
1517	1096
1517	1098
1517	1101
1517	1103
1517	1105
1517	1108
1517	1111
1517	1114
1517	1116
1517	1118
1517	1121
1517	1123
1517	1126
1517	1128
1517	1130
1517	1133
1517	1135
1517	1138
1516	1140
1516	1142
1516	1145
1516	1147
1517	1150
1517	1153
1516	1155
1516	1158
1515	1160
1515	1163
1516	1165
1516	1167
1516	1170
1516	1172
1516	1175
1515	1177
1515	1179
1516	1182
1516	1184
1516	1186
1515	1189
1514	1191
1514	1195
1514	1197
1515	1199
1515	1202
1514	1204
1514	1207
1513	1209
1513	1211
1513	1214
1513	1216
1513	1219
1513	1221
1512	1223
1512	1226
1512	1228
1512	1231
1512	1233
1512	1235
1512	1239
1511	1241
1511	1244
1511	1246
1512	1248
1512	1251
1512	1253
1511	1256
1511	1258
1511	1260
1511	1263
1511	1265
1511	1267
1511	1270
1510	1272
1510	1275
1509	1277
1510	1280
1510	1283
1510	1285
1510	1288
1509	1290
1509	1292
1509	1295
1509	1297
1509	1300
1509	1302
1509	1304
1508	1307
1508	1309
1508	1312
1508	1314
1509	1316
1509	1319
1508	1321
1508	1325
1507	1327
1507	1329
1508	1332
1508	1334
1508	1337
1508	1339
1507	1341
1507	1344
1507	1346
1508	1348
1508	1351
1508	1353
1507	1356
1507	1358
1507	1360
1507	1363
1508	1366
1508	1369
1508	1371
1507	1373
1507	1376
1507	1378
1507	1381
1508	1383
1508	1385
1507	1388
1507	1390
1507	1393
1507	1395
1507	1397
1508	1400
1508	1402
1508	1405
1507	1408
1507	1410
1507	1413
1507	1415
1507	1418
1507	1420
1507	1422
1506	1425
1505	1427
1506	1429
1506	1432
1506	1434
1506	1437
1506	1439
1505	1441
1505	1444
1506	1446
1506	1449
1506	1452
1506	1454
1506	1457
1506	1459
1505	1462
1506	1464
1506	1466
1507	1469
1507	1471
1506	1474
1506	1476
1506	1478
1506	1481
1507	1483
1507	1486
1507	1488
1507	1490
1507	1494
1507	1496
1508	1499
1508	1501
1508	1503
1508	1506
1508	1508
1508	1511
1508	1513
1508	1515
1509	1518
1509	1520
1508	1522
1508	1525
1508	1527
1508	1530
1509	1532
1509	1534
1509	1538
1509	1540
1508	1543
1508	1545
1509	1547
1509	1550
1510	1552
1510	1555
1509	1557
1509	1559
1509	1562
1510	1564
1510	1567
1510	1569
1510	1571
1509	1574
1509	1576
1509	1580
1509	1582
1509	1584
1509	1587
1509	1589
1508	1592
1508	1594
1508	1596
1508	1599
1508	1601
1508	1603
1508	1606
1508	1608
1507	1611
1508	1613
1508	1615
1508	1618
1508	1620
1508	1624
1507	1626
1507	1628
1507	1631
1508	1633
1508	1636
1508	1638
1507	1640
1507	1643
1507	1645
1507	1648
1508	1650
1508	1652
1508	1655
1507	1657
1507	1660
1508	1662
1508	1665
1509	1668
1509	1670
1509	1673
1509	1675
1509	1677
1509	1680
1510	1682
1510	1684
1510	1687
1510	1689
1509	1692
1509	1694
1510	1696
1511	1699
1511	1701
1511	1704
1511	1707
1511	1709
1511	1712
1511	1714
1512	1717
1512	1719
1512	1721
1512	1724
1512	1726
1512	1729
1512	1731
1512	1733
1513	1736
1512	1738
1512	1741
1512	1743
1512	1745
1512	1748
1512	1751
1512	1754
1511	1756
1511	1758
1511	1761
1511	1763
1511	1765
1511	1768
1511	1770
1511	1773
1510	1775
1510	1777
1510	1780
1511	1782
1511	1785
1511	1787
1510	1789
1510	1793
1509	1795
1510	1798
1510	1800
1510	1802
1510	1805
1510	1807
1509	1810
1510	1812
1510	1814
1510	1817
1510	1819
1510	1822
1510	1824
1509	1826
1509	1829
1510	1831
1510	1835
1510	1837
1509	1839
1509	1842
1509	1844
1509	1846
1510	1849
1510	1851
1510	1854
1510	1856
1510	1858
1510	1861
1511	1863
1511	1866
1512	1868
1512	1870
1512	1873
1512	1875
1512	1879
1512	1881
1513	1883
1513	1886
1513	1888
1513	1891
1513	1893
1513	1895
1513	1898
1514	1900
1514	1903
1514	1905
1514	1907
1514	1910
1514	1912
1514	1915
1514	1917
1514	1920
1514	1923
1513	1925
1513	1927
1514	1930
1514	1932
1514	1935
1513	1937
1513	1939
1512	1942
1512	1944
1512	1947
1512	1949
1512	1951
1512	1954
1511	1956
1510	1959
1510	1961
1510	1964
1510	1967
1510	1969
1510	1972
1510	1974
1509	1976
1509	1979
1510	1981
1510	1984
1510	1986
1510	1988
1509	1991
1509	1993
1509	1996
1510	1998
1510	2000
1510	2003
1510	2006
1509	2008
1509	2011
1510	2013
1510	2016
1511	2018
1510	2020
1510	2023
1510	2025
1509	2028
1510	2030
1510	2032
1511	2035
1511	2037
1510	2040
1510	2042
1510	2044
1510	2048
1511	2050
1511	2053
1511	2055
1510	2057
1510	2060
1510	2062
1511	2065
1511	2067
1511	2069
1511	2072
1510	2074
1510	2077
1510	2079
1510	2081
1510	2084
1510	2086
1509	2088
1509	2092
1508	2094
1508	2097
1509	2099
1509	2101
1509	2104
1509	2106
1508	2109
1508	2111
1508	2113
1509	2116
1509	2118
1509	2121
1508	2123
1508	2125
1508	2128
1508	2130
1508	2134
1508	2136
1508	2138
1507	2141
1506	2143
1506	2146
1507	2148
1507	2150
1507	2153
1506	2155
1505	2158
1505	2160
1505	2162
1505	2165
1505	2167
1505	2169
1505	2172
1504	2174
1504	2178
1504	2180
1505	2182
1505	2185
1505	2187
1505	2190
1504	2192
1504	2194
1504	2197
1505	2199
1505	2202
1505	2204
1505	2206
1504	2209
1504	2211
1505	2214
1505	2216
1505	2219
1505	2222
1505	2224
1505	2227
1505	2229
1506	2231
1506	2234
1506	2236
1506	2239
1506	2241
1506	2243
1506	2246
1506	2248
1507	2250
1507	2253
1507	2255
1506	2258
1506	2260
1507	2263
1508	2266
1508	2268
1509	2271
1508	2273
1508	2275
1508	2278
1509	2280
1509	2283
1510	2285
1510	2287
1509	2290
1509	2292
1509	2295
1509	2297
1510	2299
1510	2302
1510	2305
1510	2308
1510	2310
1510	2312
1510	2315
1511	2317
1511	2320
1511	2322
1511	2324
1510	2327
1511	2329
1511	2331
1511	2334
1511	2336
1511	2339
1511	2341
1510	2343
1511	2347
1511	2349
1512	2352
1511	2354
1511	2356
1511	2359
1511	2361
1511	2364
1511	2366
1512	2368
1511	2371
1511	2373
1510	2376
1511	2378
1511	2380
1511	2383
1512	2385
1512	2388
1511	2391
1511	2393
1511	2396
1511	2398
1511	2401
1511	2403
1511	2405
1510	2408
1510	2410
1510	2412
1510	2415
1511	2417
1511	2420
1510	2422
1510	2424
1510	2427
1510	2429
1510	2433
1511	2435
1511	2437
1511	2440
1510	2442
1510	2445
1511	2447
1511	2449
1511	2452
1511	2454
1511	2457
1510	2459
1510	2461
1510	2464
1511	2466
1510	2469
1510	2471
1509	2473
1508	2477
1508	2479
1509	2482
1509	2484
1509	2486
1508	2489
1508	2491
1508	2493
1508	2496
1508	2498
1509	2501
1509	2503
1508	2505
1508	2508
1508	2510
1508	2513
1509	2515
1509	2518
1509	2521
1509	2523
1509	2526
1509	2528
1509	2530
1510	2533
1510	2535
1510	2538
1510	2540
1510	2542
1510	2545
1510	2547
1511	2550
1511	2552
1510	2554
1510	2557
1510	2560
1510	2563
1510	2565
1510	2567
1510	2570
1510	2572
1509	2574
1509	2577
1509	2579
1509	2582
1509	2584
1509	2586
1509	2589
1508	2591
1508	2594
1508	2596
1509	2598
1509	2601
1509	2604
1509	2607
1508	2609
1508	2611
1508	2614
1508	2616
1509	2619
1509	2621
1508	2623
1508	2626
1508	2628
1509	2631
1509	2633
1509	2635
1509	2638
1509	2640
1509	2643
1509	2646
1509	2648
1510	2651
1510	2653
1509	2656
1509	2658
1509	2660
1509	2663
1509	2665
1509	2667
1509	2670
1509	2672
1508	2675
1508	2677
1508	2679
1509	2682
1509	2684
1509	2688
1508	2690
1508	2692
1508	2695
1508	2697
1508	2700
1509	2702
1508	2704
1508	2707
1507	2709
1507	2712
1507	2714
1508	2716
1508	2719
1507	2721
1507	2724
1507	2726
1507	2728
1507	2732
1507	2734
1507	2736
1507	2739
1506	2741
1506	2744
1506	2746
1507	2748
1507	2751
1507	2753
1506	2756
1506	2758
1506	2760
1506	2763
1506	2765
1507	2768
1507	2770
1506	2772
1505	2776
1505	2778
1505	2781
1506	2783
1506	2785
1506	2788
1505	2790
1505	2793
1506	2795
1506	2797
1507	2800
1507	2802
1507	2805
1506	2807
1506	2809
1506	2812
1507	2814
1507	2817
1508	2820
1507	2822
1507	2825
1507	2827
1508	2829
1508	2832
1508	2834
1508	2837
1508	2839
1507	2841
1507	2844
1507	2846
1508	2849
1508	2851
1508	2853
1508	2856
1508	2859
1507	2862
1508	2864
1508	2866
1508	2869
1508	2871
1507	2874
1507	2876
1507	2878
1508	2881
1508	2883
1508	2886
1507	2888
1507	2890
1506	2893
1506	2895
1506	2897
1507	2900
1507	2903
1507	2906
1506	2908
1505	2910
1503	2913
1503	2915
1503	2918
1504	2920
1505	2922
1506	2925
1505	2927
1504	2930
1503	2932
1503	2934
1503	2937
1503	2939
1502	2942
1501	2945
1500	2947
1498	2950
1498	2952
1499	2955
1502	2957
1505	2959
1506	2962
1508	2964
1508	2967
1508	2969
1508	2971
1509	2974
1511	2976
1513	2978
1515	2981
1517	2983
1519	2987
1521	2989
1522	2991
1524	2994
1526	2996
1526	2999
1526	3001
1525	3003
1526	3006
1528	3008
1531	3011
1534	3013
1536	3015
1538	3018
1539	3020
1539	3023
1539	3025
1539	3027
1540	3031
1540	3033
1540	3036
1539	3038
1537	3040
1536	3043
1535	3045
1534	3048
1533	3050
1531	3052
1530	3055
1527	3057
1525	3059
1525	3062
1524	3064
1524	3067
1523	3069
1523	3072
1522	3075
1521	3077
1521	3080
1521	3082
1522	3084
1522	3087
1522	3089
1522	3092
1522	3094
1523	3096
1523	3099
1522	3101
1519	3104
1515	3106
1511	3108
1509	3111
1509	3113
1510	3117
1511	3119
1510	3121
1509	3124
1508	3126
1507	3129
1506	3131
1505	3133
1505	3136
1503	3138
1501	3140
1500	3143
1499	3145
1500	3148
1501	3150
1502	3152
1501	3155
1498	3158
1496	3161
1493	3163
1489	3165
1485	3168
1484	3170
1484	3173
1487	3175
1489	3177
1492	3180
1493	3182
1494	3185
1496	3187
1498	3189
1500	3192
1501	3194
1504	3197
1507	3200
1509	3202
1512	3205
1513	3207
1515	3210
1518	3212
1521	3214
1523	3217
1524	3219
1524	3222
1523	3224
1517	3226
1509	3229
1499	3231
1492	3233
1493	3236
1498	3238
1505	3241
1507	3244
1506	3246
1506	3249
1505	3251
1505	3254
1506	3256
1507	3258
1506	3261
1506	3263
1506	3266
1505	3268
1504	3270
1503	3273
1501	3275
1500	3278
1499	3280
1498	3282
1496	3286
1495	3288
1493	3291
1493	3293
1493	3295
1492	3298
1492	3300
1490	3303
1487	3305
1481	3307
1478	3310
1478	3312
1481	3314
1482	3317
1484	3319
1488	3322
1491	3324
1492	3326
1491	3330
1491	3332
1493	3335
1495	3337
1499	3339
1503	3342
1506	3344
1504	3347
1500	3349
1494	3351
1491	3354
1492	3356
1496	3359
1502	3361
1505	3363
1506	3366
1504	3368
1500	3372
1497	3374
1497	3376
1500	3379
1502	3381
1502	3384
1501	3386
1499	3388
1498	3391
1498	3393
1495	3396
1485	3398
1476	3400
1465	3403
1461	3405
1463	3407
1467	3410
1472	3412
1474	3416
1475	3418
1473	3420
1469	3423
1465	3425
1466	3428
1470	3430
1477	3432
1482	3435
1482	3437
1478	3440
1475	3442
1477	3444
1480	3447
1486	3449
1491	3452
1493	3454
1495	3457
1495	3460
1496	3462
1496	3465
1498	3467
1500	3469
1502	3472
1503	3474
1503	3477
1501	3479
1497	3481
1495	3484
1495	3486
1493	3488
1489	3491
1486	3493
1484	3496
1487	3499
1493	3501
1499	3504
1499	3506
1497	3509
1498	3511
1497	3513
1495	3516
1489	3518
1486	3521
1487	3523
1493	3525
1503	3528
1509	3530
1512	3533
1511	3535
1508	3537
1506	3540
1504	3543
1500	3546
1499	3548
1501	3550
1507	3553
1511	3555
1512	3557
1512	3560
1510	3562
1507	3565
1499	3567
1484	3569
1474	3572
1471	3574
1474	3577
1486	3579
1498	3581
1504	3585
1507	3587
1509	3590
1511	3592
1511	3594
1509	3597
1506	3599
1502	3602
1496	3604
1495	3606
1498	3609
1505	3611
1515	3614
1523	3616
1527	3618
1527	3621
1526	3623
1525	3627
1525	3629
1521	3631
1519	3634
1517	3636
1516	3639
1514	3641
1513	3643
1514	3646
1518	3648
1523	3650
1527	3653
1524	3655
1517	3658
1507	3660
1506	3662
1513	3665
1524	3667
1533	3671
1539	3673
1542	3675
1544	3678
1545	3680
1543	3683
1542	3685
1544	3687
1547	3690
1552	3692
1552	3695
1552	3697
1547	3699
1539	3702
1528	3704
1522	3707
1524	3709
1529	3712
1532	3715
1532	3717
1521	3720
1510	3722
1496	3724
1497	3727
1500	3729
1496	3731
1482	3734
1471	3736
1472	3739
1481	3741
1494	3743
1502	3746
1504	3748
1504	3751
1503	3753
1501	3756
1502	3759
1502	3761
1503	3764
1502	3766
1497	3768
1496	3771
1500	3773
1501	3776
1492	3778
1481	3780
1477	3783
1474	3785
1464	3788
1444	3790
1434	3792
1435	3795
1452	3798
1470	3801
1479	3803
1485	3805
1487	3808
1489	3810
1492	3812
1499	3815
1504	3817
1505	3820
1503	3822
1504	3824
1510	3827
1516	3829
1523	3832
1527	3834
1528	3836
1527	3840
1525	3842
1516	3845
1501	3847
1476	3849
1433	3852
1411	3854
1422	3857
1436	3859
1446	3861
1457	3864
1465	3866
1473	3869
1468	3871
1465	3873
1460	3876
1445	3878
1442	3881
1461	3884
1482	3886
1502	3889
1502	3891
1499	3893
1502	3896
1511	3898
1521	3901
1524	3903
1526	3905
1515	3908
1496	3910
1484	3913
1488	3915
1505	3917
1516	3920
1519	3922
1516	3926
1499	3928
1471	3930
1419	3933
1391	3935
1394	3938
1409	3940
1440	3942
1473	3945
1502	3947
1516	3950
1526	3952
1530	3954
1531	3957
1527	3959
1520	3962
1508	3964
1501	3966
1498	3970
1493	3972
1488	3974
1489	3977
1494	3979
1495	3982
1490	3984
1477	3986
1452	3989
1442	3991
1444	3994
1455	3996
1469	3998
1483	4001
1495	4003
1508	4006
1511	4008
1498	4011
1489	4014
1491	4016
1503	4019
1509	4021
1505	4023
1499	4026
1490	4028
1484	4031
1490	4033
1510	4035
1521	4038
1527	4040
1538	4043
1550	4045
1556	4047
1557	4050
1557	4052
1554	4055
1553	4058
1546	4060
1540	4063
1546	4065
1554	4067
1565	4070
1568	4072
1566	4075
1556	4077
1540	4079
1529	4082
1515	4084
1501	4087
1494	4089
1497	4091
1503	4094
1516	4097
1531	4100
1547	4102
1555	4104
1564	4107
1566	4109
1565	4112
1567	4114
1570	4116
1571	4119
1569	4121
1567	4124
1564	4126
1555	4128
1551	4131
1551	4133
1555	4136
1550	4139
1534	4141
1516	4144
1523	4146
1538	4148
1543	4151
1541	4153
1540	4156
1543	4158
1545	4160
1535	4163
1525	4165
1524	4168
1535	4170
1537	4172
1526	4175
1518	4177
1516	4180
1522	4183
1530	4185
1534	4188
1537	4190
1539	4193
1542	4195
1538	4197
1529	4200
1516	4202
1511	4205
1516	4207
1524	4209
1533	4212
1535	4214
1531	4217
1529	4219
1528	4221
1527	4225
1524	4227
1519	4229
1516	4232
1500	4234
1480	4237
1476	4239
1480	4241
1487	4244
1494	4246
1506	4249
1513	4251
1519	4253
1511	4256
1503	4258
1499	4261
1505	4263
1509	4265
1513	4269
1519	4271
1514	4274
1511	4276
1514	4278
1519	4281
1511	4283
1499	4286
1494	4288
1494	4290
1500	4293
1507	4295
1514	4298
1519	4300
1514	4302
1494	4305
1469	4307
1468	4310
1488	4313
1497	4315
1500	4318
1505	4320
1508	4322
1514	4325
1515	4327
1508	4330
1506	4332
1510	4334
1516	4337
1515	4339
1509	4342
1501	4344
1498	4346
1501	4349
1495	4352
1482	4355
1481	4357
1489	4359
1499	4362
1496	4364
1492	4367
1489	4369
1490	4371
1496	4374
1489	4376
1487	4379
1497	4381
1512	4383
1519	4386
1524	4388
1524	4390
1521	4393
1518	4396
1506	4399
1493	4401
1478	4403
1478	4406
1483	4408
1494	4411
1500	4413
1505	4415
1512	4418
1517	4420
1516	4423
1505	4425
1490	4427
1475	4430
1466	4432
1475	4435
1496	4438
1506	4440
1511	4443
1518	4445
1518	4448
1511	4450
1497	4452
1494	4455
1498	4457
1510	4460
1515	4462
1516	4464
1517	4467
1513	4469
1504	4471
1501	4474
1503	4476
1500	4480
1500	4482
1507	4484
1516	4487
1516	4489
1513	4492
1508	4494
1505	4496
1500	4499
1497	4501
1498	4504
1500	4506
1493	4508
1489	4511
1495	4513
1496	4516
1494	4518
1490	4520
1477	4524
1463	4526
1467	4529
1475	4531
1479	4533
1483	4536
1489	4538
1503	4541
1513	4543
1517	4545
1506	4548
1494	4550
1496	4553
1505	4555
1513	4557
1512	4560
1513	4562
1517	4564
1510	4568
1499	4570
1498	4573
1506	4575
1501	4577
1497	4580
1505	4582
1502	4585
1486	4587
1480	4589
1486	4592
1495	4594
1495	4597
1500	4599
1496	4601
1483	4604
1477	4606
1477	4610
1477	4612
1487	4614
1495	4617
1497	4619
1496	4622
1498	4624
1506	4626
1511	4629
1512	4631
1512	4634
1512	4636
1514	4638
1505	4641
1488	4643
1480	4645
1490	4648
1495	4651
1494	4654
1494	4656
1502	4658
1503	4661
1495	4663
1497	4666
1510	4668
1516	4670
1511	4673
1506	4675
1512	4678
1515	4680
1517	4682
1511	4685
1504	4687
1498	4690
1493	4692
1464	4695
1438	4698
1441	4700
1464	4703
1483	4705
1494	4707
1507	4710
1518	4712
1522	4715
1519	4717
1517	4719
1519	4722
1520	4724
1519	4726
1515	4729
1509	4731
1499	4734
1499	4737
1506	4739
1504	4742
1502	4744
1505	4747
1505	4749
1491	4751
1478	4754
1477	4756
1475	4759
1470	4761
1473	4763
1485	4766
1491	4768
1500	4771
1511	4773
1513	4775
1509	4779
1498	4781
1482	4784
1482	4786
1490	4788
1500	4791
1506	4793
1510	4796
1505	4798
1495	4800
1492	4803
1478	4805
1468	4807
1476	4810
1495	4812
1502	4815
1502	4817
1506	4819
1505	4823
1497	4825
1478	4828
1477	4830
1487	4832
1499	4835
1507	4837
1508	4840
1492	4842
1471	4844
1464	4847
1474	4849
1480	4852
1486	4854
1487	4856
1490	4859
1496	4861
1508	4865
1513	4867
1519	4869
1521	4872
1523	4874
1517	4877
1508	4879
1499	4881
1496	4884
1504	4886
1506	4888
1509	4891
1521	4893
1528	4896
1523	4898
1513	4900
1514	4903
1510	4905
1512	4909
1518	4911
1527	4913
1532	4916
1538	4918
1541	4921
1541	4923
1545	4925
1544	4928
1546	4930
1527	4933
1503	4935
1478	4937
1493	4940
1523	4942
1537	4945
1551	4947
1562	4950
1565	4953
1556	4955
1552	4958
1556	4960
1559	4962
1559	4965
1562	4967
1565	4969
1564	4972
1545	4974
1535	4977
1544	4979
1547	4981
1524	4984
1525	4986
1538	4989
1548	4992
1549	4994
1541	4997
1535	4999
1537	5002
1531	5004
1529	5006
1526	5009
1519	5011
1511	5014
1508	5016
1517	5018
1537	5021
1547	5023
1545	5026
1543	5028
1540	5030
1541	5033
1539	5036
1535	5039
1538	5041
1533	5043
1514	5046
1494	5048
1498	5050
1498	5053
1501	5055
1510	5058
1519	5060
1523	5062
1505	5065
1477	5067
1467	5070
1472	5072
1466	5074
1461	5078
1474	5080
1485	5083
1487	5085
1494	5087
1504	5090
1508	5092
1502	5095
1500	5097
1505	5099
1497	5102
1499	5104
1495	5107
1489	5109
1479	5111
1473	5114
1438	5116
1392	5120
1380	5122
1405	5124
1435	5127
1467	5129
1475	5131
1473	5134
1476	5136
1486	5139
1489	5141
1473	5143
1476	5146
1487	5148
1471	5151
1466	5153
1475	5155
1474	5158
1459	5160
1451	5164
1445	5166
1454	5168
1473	5171
1487	5173
1489	5176
1454	5178
1433	5180
1452	5183
1476	5185
1478	5188
1483	5190
1503	5192
1509	5195
1490	5197
1492	5200
1516	5202
1535	5204
1538	5208
1539	5210
1528	5212
1518	5215
1519	5217
1507	5220
1487	5222
1471	5224
1466	5227
1448	5229
1454	5232
1457	5234
1462	5236
1479	5239
1494	5241
1493	5244
1496	5246
1496	5249
1477	5252
1455	5254
1470	5257
1499	5259
1493	5261
1481	5264
1474	5266
1489	5269
1507	5271
1516	5273
1504	5276
1489	5278
1483	5281
1463	5283
1463	5285
1486	5288
1488	5291
1497	5293
1496	5296
1487	5298
1481	5301
1473	5303
1487	5305
1506	5308
1513	5310
1487	5313
1487	5315
1497	5317
1512	5320
1502	5322
1495	5325
1473	5327
1447	5329
1458	5332
1488	5335
1499	5338
1498	5340
1492	5342
1483	5345
1487	5347
1498	5350
1500	5352
1496	5354
1493	5357
1501	5359
1522	5362
1537	5364
1526	5366
1511	5369
1502	5371
1503	5373
1506	5377
1518	5379
1526	5382
1526	5384
1511	5386
1518	5389
1531	5391
1523	5394
1486	5396
1487	5398
1508	5401
1530	5403
1530	5406
1520	5408
1512	5410
1499	5413
1493	5415
1493	5419
1503	5421
1516	5423
1510	5426
1505	5428
1520	5431
1505	5433
1497	5435
1512	5438
1538	5440
1541	5443
1536	5445
1539	5447
1537	5450
1529	5452
1531	5454
1534	5457
1533	5459
1520	5463
1507	5465
1483	5467
1469	5470
1473	5472
1476	5475
1493	5477
1525	5479
1540	5482
1549	5484
1554	5487
1533	5489
1511	5491
1503	5494
1503	5496
1497	5499
1505	5501
1523	5504
1527	5507
1519	5509
1518	5512
1535	5514
1553	5516
1559	5519
1561	5521
1559	5524
1555	5526
1553	5528
1547	5531
1531	5533
1506	5535
1487	5538
1490	5540
1505	5543
1503	5545
1518	5548
1541	5551
1544	5553
1539	5556
1543	5558
1541	5560
1520	5563
1510	5565
1509	5568
1506	5570
1481	5572
1470	5575
1499	5577
1530	5580
1531	5582
1513	5584
1521	5587
1540	5590
1544	5593
1540	5595
1534	5597
1525	5600
1515	5602
1521	5605
1531	5607
1530	5609
1528	5612
1532	5614
1513	5616
1488	5619
1482	5621
1507	5624
1506	5626
1499	5628
1509	5632
1532	5634
1538	5637
1541	5639
1546	5641
1549	5644
1540	5646
1523	5649
1514	5651
1520	5653
1519	5656
1492	5658
1498	5661
1514	5663
1510	5665
1509	5668
1525	5670
1531	5673
1536	5676
1539	5678
1535	5681
1531	5683
1538	5686
1533	5688
1516	5690
1509	5693
1517	5695
1530	5697
1538	5700
1532	5702
1531	5705
1523	5707
1508	5709
1505	5712
1513	5714
1512	5718
1499	5720
1497	5722
1482	5725
1476	5727
1493	5730
1525	5732
1532	5734
1533	5737
1537	5739
1532	5742
1514	5744
1515	5746
1512	5749
1503	5751
1514	5754
1526	5756
1536	5758
1524	5762
1515	5764
1520	5767
1530	5769
1528	5771
1504	5774
1487	5776
1493	5779
1512	5781
1524	5783
1537	5786
1547	5788
1528	5790
1514	5793
1511	5795
1519	5798
1523	5800
1528	5803
1502	5806
1492	5808
1504	5811
1510	5813
1505	5815
1511	5818
1515	5820
1516	5823
1531	5825
1526	5827
1493	5830
1469	5832
1489	5835
1507	5837
1516	5839
1519	5842
1524	5844
1536	5848
1531	5850
1515	5852
1515	5855
1517	5857
1526	5860
1538	5862
1541	5864
1538	5867
1529	5869
1517	5871
1517	5874
1521	5876
1516	5879
1512	5881
1504	5883
1506	5886
1512	5889
1507	5892
1502	5894
1512	5896
1506	5899
1499	5901
1507	5904
1525	5906
1536	5908
1528	5911
1525	5913
1522	5916
1523	5918
1529	5920
1522	5923
1486	5925
1491	5928
1512	5931
1526	5933
1532	5936
1535	5938
1535	5941
1537	5943
1533	5945
1529	5948
1515	5950
1515	5952
1526	5955
1522	5957
1500	5960
1499	5962
1511	5964
1520	5967
1508	5969
1494	5972
1489	5975
1502	5977
1523	5980
1513	5982
1500	5985
1492	5987
1500	5989
1515	5992
1525	5994
1532	5997
1524	5999
1515	6001
1516	6004
1526	6006
1530	6009
1532	6011
1524	6013
1518	6017
1520	6019
1527	6022
1528	6024
1529	6026
1529	6029
1525	6031
1514	6033
1491	6036
1480	6038
1492	6041
1511	6043
1516	6045
1508	6048
1507	6050
1507	6053
1504	6055
1506	6057
1514	6061
1526	6063
1510	6066
1495	6068
1497	6070
1511	6073
1517	6075
1518	6078
1524	6080
1532	6082
1530	6085
1519	6087
1518	6090
1521	6092
1522	6094
1517	6097
1511	6099
1514	6103
1523	6105
1510	6107
1498	6110
1502	6112
1499	6114
1497	6117
1510	6119
1520	6122
1529	6124
1533	6126
1523	6129
1507	6131
1504	6134
1505	6136
1503	6138
1510	6141
1522	6144
1511	6147
1508	6149
1516	6151
1528	6154
1526	6156
1509	6159
1498	6161
1510	6163
1515	6166
1516	6168
1523	6171
1523	6173
1514	6175
1509	6178
1514	6180
1520	6183
1520	6185
1522	6188
1522	6191
1524	6193
1529	6195
1532	6198
1526	6200
1520	6203
1501	6205
1473	6207
1478	6210
1491	6212
1503	6215
1507	6217
1508	6219
1517	6222
1523	6224
1513	6227
1510	6230
1515	6232
1519	6235
1514	6237
1515	6240
1523	6242
1529	6244
1533	6247
1534	6249
1530	6252
1524	6254
1513	6256
1515	6259
1520	6261
1503	6264
1482	6266
1480	6268
1480	6272
1481	6274
1491	6276
1508	6279
1521	6281
1527	6284
1522	6286
1519	6288
1522	6291
1519	6293
1487	6296
1452	6298
1468	6300
1494	6303
1521	6305
1535	6308
1541	6310
1539	6312
1530	6316
1520	6318
1522	6321
1526	6323
1526	6325
1503	6328
1493	6330
1499	6333
1520	6335
1529	6337
1530	6340
1529	6342
1535	6345
1540	6347
1537	6349
1513	6352
1498	6354
1505	6356
1498	6360
1475	6362
1485	6365
1509	6367
1530	6369
1532	6372
1536	6374
1539	6377
1531	6379
1525	6381
1515	6384
1495	6386
1488	6389
1504	6391
1502	6393
1498	6396
1502	6398
1518	6402
1528	6404
1522	6406
1514	6409
1513	6411
1515	6414
1506	6416
1497	6418
1511	6421
1523	6423
1529	6426
1532	6428
1537	6430
1541	6433
1540	6435
1531	6438
1523	6440
1520	6443
1510	6446
1501	6448
1505	6450
1509	6453
1501	6455
1490	6458
1479	6460
1468	6462
1482	6465
1498	6467
1506	6470
1502	6472
1496	6474
1499	6477
1499	6479
1516	6482
1523	6484
1518	6487
1513	6490
1521	6492
1531	6495
1541	6497
1536	6499
1523	6502
1517	6504
1511	6507
1509	6509
1511	6511
1510	6514
1508	6516
1509	6518
1503	6521
1505	6523
1518	6526
1534	6529
1539	6531
1532	6534
1519	6536
1516	6539
1514	6541
1498	6543
1484	6546
1485	6548
1484	6551
1495	6553
1496	6555
1497	6558
1504	6560
1518	6563
1521	6565
1512	6567
1513	6571
1513	6573
1521	6576
1531	6578
1544	6580
1532	6583
1515	6585
1507	6588
1515	6590
1530	6592
1540	6595
1547	6597
1545	6599
1540	6602
1542	6604
1540	6607
1532	6609
1518	6611
1504	6615
1502	6617
1511	6620
1496	6622
1496	6624
1516	6627
1536	6629
1543	6632
1545	6634
1530	6636
1495	6639
1483	6641
1498	6644
1516	6646
1520	6648
1503	6651
1498	6653
1514	6657
1522	6659
1513	6661
1505	6664
1513	6666
1530	6669
1535	6671
1503	6673
1481	6676
1491	6678
1520	6680
1536	6683
1538	6685
1541	6688
1549	6690
1555	6692
1551	6695
1535	6697
1535	6701
1537	6703
1525	6705
1522	6708
1531	6710
1539	6713
1540	6715
1521	6717
1506	6720
1501	6722
1492	6725
1490	6727
1503	6729
1513	6732
1496	6734
1487	6737
1497	6739
1513	6742
1532	6745
1543	6747
1548	6750
1544	6752
1538	6754
1515	6757
1494	6759
1496	6761
1517	6764
1524	6766
1517	6769
1518	6771
1535	6773
1549	6776
1550	6778
1548	6781
1546	6784
1540	6786
1539	6789
1535	6791
1517	6794
1513	6796
1492	6798
1485	6801
1487	6803
1498	6806
1513	6808
1532	6810
1543	6813
1542	6815
1520	6818
1495	6820
1497	6822
1504	6825
1509	6828
1530	6831
1545	6833
1554	6835
1557	6838
1537	6840
1525	6842
1519	6845
1522	6847
1529	6850
1540	6852
1545	6854
1543	6857
1539	6859
1537	6862
1548	6864
1553	6866
1555	6870
1545	6872
1537	6875
1505	6877
1490	6879
1496	6882
1510	6884
1510	6887
1510	6889
1506	6891
1514	6894
1523	6896
1531	6899
1537	6901
1540	6903
1541	6906
1531	6908
1524	6912
1522	6914
1526	6916
1516	6919
1512	6921
1518	6923
1527	6926
1536	6928
1536	6931
1532	6933
1530	6935
1534	6938
1542	6940
1540	6943
1525	6945
1517	6947
1520	6950
1522	6952
1516	6956
1481	6958
1463	6960
1479	6963
1511	6965
1532	6968
1539	6970
1528	6972
1524	6975
1533	6977
1536	6980
1536	6982
1534	6984
1538	6987
1542	6989
1543	6992
1535	6994
1533	6996
1535	7000
1532	7002
1524	7004
1512	7007
1507	7009
1500	7012
1492	7014
1498	7016
1519	7019
1525	7021
1513	7024
1491	7026
1498	7028
1524	7031
1535	7033
1541	7036
1540	7038
1532	7041
1514	7044
1490	7046
1495	7049
1506	7051
1515	7053
1520	7056
1525	7058
1529	7061
1528	7063
1525	7065
1528	7068
1524	7070
1510	7073
1486	7075
1481	7077
1493	7080
1515	7083
1527	7085
1529	7088
1517	7090
1510	7093
1509	7095
1516	7097
1526	7100
1516	7102
1507	7105
1509	7107
1520	7109
1527	7112
1531	7114
1531	7117
1525	7119
1527	7121
1529	7124
1528	7127
1514	7130
1499	7132
1500	7134
1500	7137
1495	7139
1492	7142
1493	7144
1492	7146
1491	7149
1497	7151
1516	7154
1519	7156
1512	7158
1513	7161
1524	7163
1525	7165
1519	7169
1521	7171
1528	7174
1533	7176
1533	7178
1521	7181
1497	7183
1480	7186
1484	7188
1507	7190
1523	7193
1530	7195
1526	7198
1517	7200
1518	7202
1522	7205
1525	7207
1526	7211
1523	7213
1521	7215
1524	7218
1527	7220
1523	7223
1515	7225
1487	7227
1473	7230
1487	7232
1501	7235
1494	7237
1469	7239
1474	7242
1492	7244
1511	7246
1527	7249
1534	7251
1537	7255
1516	7257
1508	7259
1518	7262
1525	7264
1522	7267
1517	7269
1518	7271
1525	7274
1529	7276
1523	7279
1515	7281
1515	7283
1490	7286
1480	7288
1495	7291
1518	7293
1527	7296
1529	7299
1522	7301
1509	7304
1498	7306
1498	7308
1511	7311
1522	7313
1527	7316
1530	7318
1511	7320
1493	7323
1486	7325
1475	7327
1471	7330
1498	7332
1516	7335
1531	7337
1533	7340
1527	7343
1512	7345
1502	7348
1512	7350
1522	7352
1532	7355
1536	7357
1541	7360
1540	7362
1533	7364
1531	7367
1516	7369
1498	7372
1494	7374
1505	7376
1513	7379
1516	7382
1501	7385
1491	7387
1489	7389
1498	7392
1509	7394
1517	7397
1521	7399
1500	7401
1487	7404
1482	7406
1470	7409
1468	7411
1495	7413
1517	7416
1532	7418
1534	7420
1531	7424
1532	7426
1536	7429
1536	7431
1531	7433
1529	7436
1531	7438
1530	7441
1524	7443
1519	7445
1498	7448
1484	7450
1492	7453
1507	7455
1504	7457
1483	7460
1480	7462
1501	7465
1521	7468
1518	7470
1494	7473
1474	7475
1487	7478
1502	7480
1518	7482
1524	7485
1523	7487
1524	7490
1527	7492
1526	7494
1509	7497
1485	7499
1475	7501
1491	7504
1514	7506
1525	7510
1530	7512
1528	7514
1520	7517
1519	7519
1525	7522
1531	7524
1531	7526
1530	7529
1510	7531
1491	7534
1497	7536
1512	7538
1516	7541
1506	7543
1490	7546
1487	7548
1500	7550
1512	7554
1516	7556
1500	7559
1476	7561
1476	7563
1474	7566
1476	7568
1493	7571
1511	7573
1520	7575
1516	7578
1509	7580
1504	7583
1508	7585
1518	7587
1524	7590
1524	7592
1521	7595
1522	7598
1528	7600
1531	7603
1533	7605
1510	7607
1489	7610
1487	7612
1502	7615
1510	7617
1515	7619
1516	7622
1513	7624
1509	7627
1512	7629
1516	7631
1520	7634
1519	7636
1503	7640
1470	7642
1470	7644
1485	7647
1490	7649
1484	7652
1490	7654
1504	7656
1520	7659
1525	7661
1524	7664
1518	7666
1502	7668
1489	7671
1494	7673
1507	7675
1502	7678
1501	7681
1512	7684
1512	7686
1502	7688
1498	7691
1503	7693
1503	7696
1504	7698
1510	7700
1514	7703
1513	7705
1519	7708
1522	7710
1514	7712
1493	7715
1489	7717
1493	7720
1497	7723
1508	7725
1515	7728
1510	7730
1504	7733
1514	7735
1524	7737
1522	7740
1499	7742
1491	7745
1502	7747
1514	7749
1501	7752
1495	7754
1505	7756
1507	7759
1486	7761
1481	7764
1499	7767
1519	7769
1531	7772
1537	7774
1527	7777
1514	7779
1510	7781
1503	7784
1502	7786
1510	7789
1518	7791
1528	7793
1532	7796
1526	7798
1517	7801
1504	7803
1506	7805
1510	7809
1518	7811
1518	7814
1506	7816
1503	7818
1507	7821
1511	7823
1510	7826
1510	7828
1517	7830
1514	7833
1508	7835
1510	7837
1506	7840
1495	7842
1495	7845
1507	7847
1502	7849
1496	7853
1496	7855
1498	7858
1506	7860
1517	7862
1524	7865
1526	7867
1518	7870
1511	7872
1509	7874
1513	7877
1519	7879
1512	7882
1497	7884
1500	7886
1513	7889
1513	7891
1514	7895
1519	7897
1516	7899
1508	7902
1506	7904
1512	7907
1514	7909
1519	7911
1519	7914
1508	7916
1502	7918
1511	7921
1513	7923
1513	7926
1509	7928
1504	7930
1505	7933
1513	7936
1515	7939
1494	7941
1476	7943
1474	7946
1479	7948
1490	7951
1496	7953
1498	7955
1500	7958
1509	7960
1519	7963
1514	7965
1504	7967
1509	7970
1519	7972
1525	7975
1525	7977
1511	7980
1504	7983
1507	7985
1506	7988
1500	7990
1495	7992
1495	7995
1505	7997
1500	8000
1490	8002
1490	8004
1507	8007
1518	8009
1515	8011
1495	8014
1489	8016
1497	8019
1506	8022
1517	8024
1511	8027
1500	8029
1496	8032
1495	8034
1494	8036
1486	8039
1485	8041
1498	8044
1510	8046
1522	8048
1529	8051
1526	8053
1523	8056
1525	8058
1527	8060
1521	8064
1517	8066
1516	8069
1508	8071
1498	8073
1502	8076
1511	8078
1507	8081
1499	8083
1484	8085
1483	8088
1496	8090
1508	8092
1520	8095
1521	8097
1526	8100
1527	8102
1528	8104
1523	8108
1522	8110
1519	8113
1512	8115
1512	8117
1517	8120
1522	8122
1523	8125
1521	8127
1517	8129
1507	8132
1499	8134
1501	8137
1508	8139
1511	8141
1501	8144
1493	8146
1501	8150
1501	8152
1497	8154
1492	8157
1496	8159
1497	8161
1500	8164
1489	8166
1482	8169
1494	8171
1506	8173
1513	8176
1509	8178
1512	8181
1519	8183
1517	8185
1511	8188
1501	8190
1500	8194
1507	8196
1510	8198
1515	8201
1519	8203
1523	8206
1523	8208
1511	8210
1499	8213
1504	8215
1507	8218
1503	8220
1500	8222
1494	8225
1496	8227
1504	8230
1514	8232
1519	8235
1522	8238
1517	8240
1495	8243
1495	8245
1506	8247
1519	8250
1521	8252
1513	8254
1507	8257
1506	8259
1496	8262
1486	8264
1492	8266
1510	8269
1511	8271
1511	8274
1509	8276
1506	8279
1507	8282
1515	8284
1520	8287
1519	8289
1505	8291
1495	8294
1499	8296
1512	8299
1520	8301
1522	8303
1524	8306
1527	8308
1530	8311
1529	8313
1514	8315
1510	8318
1515	8321
1520	8324
1524	8326
1524	8328
1519	8331
1512	8333
1512	8335
1510	8338
1509	8340
1508	8343
1500	8345
1496	8347
1498	8350
1505	8352
1508	8355
1510	8357
1519	8359
1522	8363
1515	8365
1510	8368
1503	8370
1500	8372
1501	8375
1512	8377
1520	8380
1514	8382
1516	8384
1526	8387
1533	8389
1533	8392
1522	8394
1497	8396
1488	8399
1495	8401
1494	8404
1494	8407
1507	8409
1518	8412
1525	8414
1527	8416
1527	8419
1529	8421
1529	8424
1527	8426
1525	8428
1524	8431
1521	8433
1508	8436
1498	8438
1499	8440
1506	8443
1507	8445
1497	8449
1478	8451
1477	8453
1493	8456
1506	8458
1522	8461
1522	8463
1514	8465
1516	8468
1522	8470
1524	8473
1523	8475
1522	8477
1524	8480
1527	8482
1529	8485
1526	8487
1523	8489
1519	8493
1512	8495
1507	8497
1504	8500
1502	8502
1501	8505
1506	8507
1503	8509
1494	8512
1488	8514
1490	8517
1500	8519
1511	8521
1517	8524
1517	8526
1506	8529
1498	8531
1500	8534
1494	8537
1490	8539
1483	8542
1495	8544
1511	8546
1518	8549
1522	8551
1524	8554
1526	8556
1525	8558
1517	8561
1507	8563
1506	8566
1509	8568
1514	8570
1520	8573
1515	8576
1507	8578
1508	8581
1514	8583
1515	8586
1507	8588
1496	8590
1494	8593
1498	8595
1492	8598
1480	8600
1486	8602
1502	8605
1511	8607
1507	8610
1506	8612
1505	8614
1498	8617
1489	8620
1485	8623
1490	8625
1496	8627
1499	8630
1507	8632
1518	8635
1525	8637
1527	8639
1527	8642
1527	8644
1526	8647
1524	8649
1522	8651
1519	8654
1515	8656
1514	8658
1512	8662
1500	8664
1495	8667
1496	8669
1490	8671
1494	8674
1500	8676
1495	8679
1495	8681
1505	8683
1511	8686
1507	8688
1509	8691
1508	8693
1503	8695
1502	8698
1505	8700
1495	8704
1485	8706
1495	8708
1511	8711
1517	8713
1520	8716
1516	8718
1512	8720
1509	8723
1510	8725
1513	8728
1513	8730
1514	8732
1518	8735
1519	8737
1515	8739
1514	8742
1518	8744
1516	8748
1514	8750
1515	8752
1511	8755
1500	8757
1496	8760
1499	8762
1502	8764
1483	8767
1471	8769
1478	8772
1486	8774
1490	8776
1499	8779
1513	8781
1524	8784
1523	8786
1518	8788
1508	8792
1504	8794
1508	8797
1513	8799
1514	8801
1515	8804
1519	8806
1514	8809
1512	8811
1516	8813
1512	8816
1496	8818
1493	8820
1497	8823
1502	8825
1510	8828
1511	8830
1513	8833
1508	8836
1501	8838
1497	8841
1501	8843
1509	8845
1511	8848
1507	8850
1510	8853
1513	8855
1516	8857
1516	8860
1513	8862
1507	8865
1486	8867
1474	8869
1489	8872
1509	8875
1515	8878
1519	8880
1507	8882
1500	8885
1508	8887
1517	8890
1524	8892
1525	8894
1527	8897
1527	8899
1515	8901
1505	8904
1501	8906
1507	8909
1516	8911
1520	8913
1508	8916
1494	8919
1496	8922
1502	8924
1501	8926
1493	8929
1496	8931
1509	8934
1520	8936
1526	8938
1524	8941
1510	8943
1502	8946
1501	8948
1505	8950
1486	8953
1468	8955
1474	8958
1497	8961
1515	8963
1520	8966
1521	8968
1525	8971
1517	8973
1508	8975
1511	8978
1516	8980
1510	8982
1503	8985
1506	8987
1518	8990
1522	8992
1520	8994
1509	8997
1504	8999
1509	9003
1516	9005
1520	9007
1520	9010
1521	9012
1522	9015
1522	9017
1513	9019
1510	9022
1506	9024
1485	9027
1486	9029
1501	9031
1511	9034
1506	9036
1485	9039
1481	9041
1495	9043
1512	9047
1518	9049
1518	9052
1516	9054
1521	9056
1526	9059
1531	9061
1529	9063
1524	9066
1519	9068
1521	9071
1525	9073
1524	9075
1516	9078
1507	9080
1510	9083
1515	9085
1518	9088
1514	9091
1510	9093
1498	9096
1477	9098
1482	9100
1505	9103
1511	9105
1504	9108
1495	9110
1492	9112
1495	9115
1506	9117
1502	9120
1477	9122
1468	9124
1491	9127
1514	9129
1526	9133
1533	9135
1536	9137
1535	9140
1535	9142
1532	9144
1516	9147
1506	9149
1509	9152
1518	9154
1522	9156
1526	9159
1523	9161
1508	9164
1497	9166
1498	9168
1511	9171
1520	9174
1517	9177
1514	9179
1513	9181
1516	9184
1518	9186
1514	9189
1504	9191
1487	9193
1476	9196
1479	9198
1499	9201
1493	9203
1485	9205
1483	9208
1494	9210
1514	9213
1527	9216
1534	9218
1535	9221
1528	9223
1521	9225
1527	9228
1530	9230
1521	9233
1494	9235
1485	9237
1497	9240
1512	9242
1523	9245
1526	9247
1528	9249
1525	9252
1522	9254
1509	9257
1503	9260
1510	9262
1519	9265
1511	9267
1504	9270
1500	9272
1498	9274
1500	9277
1509	9279
1519	9282
1522	9284
1519	9286
1505	9289
1495	9291
1507	9294
1517	9296
1515	9298
1511	9302
1517	9304
1522	9307
1515	9309
1504	9311
1504	9314
1507	9316
1514	9318
1521	9321
1527	9323
1526	9326
1524	9328
1524	9330
1526	9333
1528	9335
1516	9338
1504	9340
1503	9342
1507	9346
1512	9348
1508	9351
1501	9353
1501	9355
1501	9358
1494	9360
1494	9363
1501	9365
1511	9367
1519	9370
1527	9372
1526	9375
1518	9377
1506	9379
1495	9382
1501	9384
1504	9388
1506	9390
1516	9392
1523	9395
1520	9397
1514	9399
1516	9402
1512	9404
1511	9407
1515	9409
1512	9411
1516	9414
1519	9416
1521	9419
1522	9421
1520	9423
1519	9426
1512	9428
1500	9432
1497	9434
1508	9436
1519	9439
1518	9441
1513	9444
1496	9446
1464	9448
1463	9451
1478	9453
1497	9456
1515	9458
1525	9460
1524	9463
1524	9465
1517	9468
1511	9470
1512	9473
1507	9476
1497	9478
1496	9481
1509	9483
1515	9485
1513	9488
1505	9490
1500	9492
1510	9495
1516	9497
1514	9500
1507	9502
1504	9504
1504	9507
1510	9509
1514	9512
1511	9515
1501	9517
1494	9520
1497	9522
1508	9525
1513	9527
1511	9529
1490	9532
1483	9534
1493	9537
1508	9539
1511	9541
1515	9544
1520	9546
1522	9549
1527	9551
1530	9553
1527	9556
1506	9559
1486	9562
1487	9564
1501	9566
1514	9569
1517	9571
1515	9574
1508	9576
1504	9578
1509	9581
1514	9583
1504	9586
1500	9588
1507	9590
1516	9593
1522	9595
1510	9597
1490	9601
1477	9603
1472	9606
1479	9608
1495	9610
1513	9613
1508	9615
1489	9618
1481	9620
1500	9622
1518	9625
1525	9627
1530	9630
1531	9632
1528	9634
1528	9637
1527	9639
1513	9643
1500	9645
1497	9647
1508	9650
1511	9652
1504	9655
1500	9657
1496	9659
1490	9662
1497	9664
1508	9667
1515	9669
1519	9671
1503	9674
1494	9676
1500	9679
1496	9681
1482	9683
1489	9687
1504	9689
1512	9691
1514	9694
1518	9696
1519	9699
1520	9701
1512	9703
1513	9706
1519	9708
1525	9711
1526	9713
1517	9715
1514	9718
1514	9720
1517	9723
1512	9725
1514	9728
1516	9731
1520	9733
1520	9736
1523	9738
1526	9740
1526	9743
1503	9745
1478	9748
1482	9750
1483	9752
1489	9755
1504	9757
1514	9760
1510	9762
1506	9764
1506	9767
1510	9769
1518	9772
1524	9775
1525	9777
1524	9780
1521	9782
1515	9784
1514	9787
1521	9789
1525	9792
1527	9794
1525	9796
1523	9799
1523	9801
1513	9804
1503	9806
1504	9808
1506	9811
1489	9814
1488	9817
1496	9819
1501	9821
1503	9824
1514	9826
1522	9829
1526	9831
1521	9833
1511	9836
1500	9838
1493	9841
1505	9843
1516	9845
1525	9848
1530	9850
1529	9852
1526	9856
1523	9858
1521	9861
1515	9863
1499	9865
1487	9868
1478	9870
1481	9873
1498	9875
1509	9877
1513	9880
1516	9882
1524	9885
1529	9887
1529	9889
1525	9892
1520	9894
1517	9897
1518	9900
1515	9902
1508	9905
1510	9907
1516	9910
1522	9912
1520	9914
1504	9917
1496	9919
1491	9922
1489	9924
1498	9926
1507	9929
1520	9931
1523	9933
1518	9936
1514	9938
1508	9942
1513	9944
1521	9946
1512	9949
1507	9951
1514	9954
1520	9956
1522	9958
1521	9961
1525	9963
1527	9966
1531	9968
1528	9970
1517	9973
1500	9975
1484	9978
1492	9980
1498	9982
1506	9986
1515	9988
1522	9991
1519	9993
1509	9995
1507	9998
1516	10000
1517	10003
1501	10005
1496	10007
1510	10010
1517	10012
1516	10015
1517	10017
1518	10020
1513	10022
1517	10025
1511	10028
1488	10030
1486	10033
1504	10035
1517	10038
1523	10040
1521	10043
1514	10045
1509	10048
1502	10050
1493	10052
1493	10055
1503	10057
1515	10060
1521	10062
1523	10065
1521	10067
1518	10071
1521	10073
1525	10075
1504	10078
1492	10080
1495	10083
1507	10085
1493	10088
1479	10090
1495	10093
1511	10095
1517	10098
1518	10100
1521	10102
1512	10105
1511	10107
1516	10110
1515	10113
1506	10116
1506	10118
1505	10121
1482	10123
1476	10125
1487	10128
1501	10130
1513	10133
1518	10135
1501	10138
1473	10140
1467	10143
1477	10145
1490	10147
1512	10150
1527	10152
1535	10156
1535	10158
1533	10161
1534	10163
1532	10166
1513	10168
1491	10170
1484	10173
1491	10175
1507	10178
1521	10180
1522	10183
1521	10185
1523	10188
1526	10190
1528	10192
1530	10195
1515	10198
1498	10201
1492	10203
1497	10206
1483	10208
1465	10211
1481	10213
1494	10215
1493	10218
1502	10220
1516	10223
1519	10225
1519	10228
1519	10230
1519	10233
1519	10235
1521	10237
1528	10241
1531	10243
1518	10246
1511	10248
1495	10251
1492	10253
1506	10256
1521	10258
1523	10260
1524	10263
1524	10265
1529	10268
1524	10270
1518	10273
1515	10275
1522	10278
1530	10280
1513	10283
1487	10286
1473	10288
1478	10291
1492	10293
1509	10296
1488	10298
1471	10301
1493	10303
1521	10305
1530	10308
1521	10310
1503	10313
1497	10315
1497	10318
1498	10320
1506	10323
1525	10326
1538	10328
1538	10331
1537	10333
1540	10336
1543	10338
1540	10341
1530	10343
1522	10346
1523	10348
1527	10350
1532	10353
1521	10355
1486	10358
1455	10360
1456	10363
1478	10365
1499	10369
1518	10371
1524	10373
1530	10376
1534	10378
1537	10381
1537	10383
1538	10386
1535	10388
1527	10391
1518	10393
1509	10395
1501	10398
1490	10400
1474	10403
1471	10405
1488	10408
1505	10411
1517	10414
1530	10416
1535	10418
1527	10421
1514	10423
1510	10426
1492	10428
1482	10431
1483	10433
1499	10436
1514	10438
1530	10440
1535	10443
1537	10445
1539	10448
1533	10450
1529	10454
1526	10456
1520	10459
1505	10461
1487	10463
1476	10466
1476	10468
1499	10471
1513	10473
1517	10476
1521	10478
1519	10481
1519	10483
1524	10485
1525	10488
1524	10490
1520	10493
1522	10496
1504	10499
1498	10501
1509	10504
1514	10506
1519	10508
1521	10511
1522	10513
1525	10516
1527	10518
1528	10521
1529	10523
1520	10526
1479	10528
1450	10530
1444	10533
1465	10535
1488	10539
1505	10541
1512	10544
1518	10546
1524	10549
1525	10551
1528	10553
1529	10556
1531	10558
1529	10561
1523	10563
1470	10566
1448	10568
1463	10571
1493	10573
1506	10575
1513	10578
1523	10580
1526	10584
1526	10586
1519	10589
1516	10591
1518	10594
1515	10596
1512	10598
1513	10601
1506	10603
1505	10606
1507	10608
1504	10611
1503	10613
1503	10616
1491	10618
1487	10620
1488	10624
1495	10626
1505	10629
1515	10631
1515	10634
1512	10636
1508	10639
1496	10641
1487	10643
1491	10646
1503	10648
1508	10651
1503	10653
1508	10656
1519	10658
1526	10661
1522	10663
1508	10665
1499	10669
1494	10671
1499	10674
1501	10676
1499	10679
1498	10681
1490	10684
1491	10686
1495	10688
1504	10691
1512	10693
1521	10696
1525	10698
1518	10701
1507	10703
1506	10706
1514	10708
1516	10711
1501	10714
1497	10716
1496	10719
1493	10721
1497	10724
1504	10726
1511	10729
1509	10731
1493	10733
1481	10736
1494	10738
1502	10741
1510	10743
1508	10746
1507	10748
1514	10752
1523	10754
1528	10756
1525	10759
1519	10761
1518	10764
1513	10766
1510	10769
1511	10771
1515	10774
1495	10776
1474	10778
1474	10781
1490	10783
1507	10786
1519	10788
1526	10791
1529	10793
1529	10797
1525	10799
1527	10801
1525	10804
1507	10806
1499	10809
1503	10811
1491	10814
1489	10816
1502	10819
1515	10821
1526	10823
1517	10826
1512	10828
1520	10831
1528	10833
1533	10836
1531	10839
1520	10842
1489	10844
1470	10846
1473	10849
1490	10851
1502	10854
1508	10856
1511	10859
1513	10861
1519	10864
1525	10866
1528	10868
1528	10871
1528	10873
1532	10876
1535	10878
1532	10882
1523	10884
1521	10887
1504	10889
1491	10891
1493	10894
1504	10896
1505	10899
1495	10901
1489	10904
1501	10906
1511	10909
1516	10911
1519	10913
1513	10916
1510	10918
1514	10921
1517	10924
1516	10927
1510	10929
1505	10932
1491	10934
1475	10936
1466	10939
1476	10941
1485	10944
1498	10946
1503	10949
1506	10951
1513	10954
1524	10956
1529	10958
1525	10961
1521	10963
1519	10967
1517	10969
1516	10972
1519	10974
1526	10977
1529	10979
1520	10981
1498	10984
1497	10986
1510	10989
1514	10991
1484	10994
1464	10996
1480	10999
1504	11001
1508	11003
1504	11006
1508	11009
1516	11012
1518	11014
1522	11017
1525	11019
1521	11022
1519	11024
1524	11026
1527	11029
1526	11031
1511	11034
1502	11036
1507	11039
1512	11041
1514	11044
1523	11046
1530	11048
1529	11052
1529	11054
1519	11057
1504	11059
1485	11062
1485	11064
1464	11067
1447	11069
1460	11071
1489	11074
1510	11076
1507	11079
1509	11081
1511	11084
1504	11086
1502	11089
1500	11091
1485	11095
1488	11097
1502	11099
1517	11102
1505	11104
1498	11107
1510	11109
1526	11112
1536	11114
1529	11117
1501	11119
1496	11121
1507	11124
1521	11126
1532	11129
1537	11131
1536	11134
1534	11137
1527	11140
1512	11142
1509	11144
1520	11147
1533	11149
1538	11152
1536	11154
1519	11157
1510	11159
1501	11162
1498	11164
1501	11166
1497	11169
1501	11171
1514	11174
1516	11176
1514	11180
1507	11182
1504	11185
1512	11187
1509	11189
1508	11192
1516	11194
1528	11197
1532	11199
1531	11202
1526	11204
1515	11207
1507	11209
1501	11211
1502	11214
1507	11216
1509	11219
1521	11222
1522	11225
1522	11227
1527	11230
1531	11232
1534	11234
1535	11237
1533	11239
1510	11242
1495	11244
1493	11247
1496	11249
1479	11252
1477	11254
1478	11256
1493	11259
1515	11261
1527	11265
1532	11267
1524	11270
1498	11272
1476	11275
1490	11277
1510	11279
1522	11282
1530	11284
1536	11287
1539	11289
1540	11292
1536	11294
1524	11297
1515	11299
1513	11301
1513	11304
1515	11307
1522	11310
1518	11312
1505	11315
1495	11317
1491	11320
1493	11322
1500	11325
1510	11327
1499	11329
1494	11332
1492	11334
1494	11337
1498	11339
1506	11342
1509	11344
1502	11347
1492	11350
1488	11352
1492	11355
1495	11357
1494	11360
1503	11362
1500	11365
1500	11367
1509	11370
1503	11372
1500	11374
1508	11377
1515	11379
1517	11382
1519	11384
1518	11387
1511	11389
1506	11393
1513	11395
1523	11397
1528	11400
1526	11402
1524	11405
1515	11407
1497	11410
1492	11412
1498	11415
1502	11417
1500	11419
1497	11422
1494	11424
1490	11427
1494	11429
1492	11432
1485	11435
1487	11438
1499	11440
1505	11442
1512	11445
1508	11447
1489	11450
1485	11452
1500	11455
1512	11457
1521	11460
1522	11462
1524	11464
1528	11467
1530	11469
1516	11472
1498	11474
1496	11478
1501	11480
1503	11482
1500	11485
1501	11487
1503	11490
1509	11492
1514	11495
1524	11497
1529	11500
1518	11502
1509	11504
1502	11507
1489	11509
1480	11512
1489	11514
1505	11517
1507	11520
1481	11523
1467	11525
1491	11528
1518	11530
1519	11532
1510	11535
1506	11537
1522	11540
1532	11542
1536	11545
1532	11547
1528	11550
1519	11552
1524	11554
1532	11557
1522	11559
1511	11563
1504	11565
1506	11568
1512	11570
1516	11573
1519	11575
1523	11577
1521	11580
1515	11582
1511	11585
1497	11587
1485	11590
1493	11592
1502	11595
1495	11597
1475	11599
1448	11602
1448	11604
1476	11608
1494	11610
1505	11613
1508	11615
1502	11618
1507	11620
1520	11622
1519	11625
1516	11627
1515	11630
1519	11632
1526	11635
1532	11637
1531	11640
1527	11642
1525	11644
1520	11648
1514	11650
1510	11653
1506	11655
1502	11658
1487	11660
1469	11663
1470	11665
1469	11667
1463	11670
1455	11672
1455	11675
1470	11677
1473	11680
1474	11682
1489	11685
1476	11687
1415	11689
1398	11693
1414	11695
1457	11698
1489	11700
1485	11703
1481	11705
1486	11708
1500	11710
1517	11712
1537	11715
1552	11717
1558	11720
1551	11722
1535	11725
1529	11727
1535	11730
1540	11732
1525	11735
1514	11738
1530	11740
1538	11743
1508	11745
1478	11748
1479	11750
1497	11753
1509	11755
1509	11757
1496	11760
1482	11762
1494	11765
1499	11767
1467	11770
1450	11772
1474	11776
1503	11778
1528	11780
1542	11783
1541	11785
1537	11788
1537	11790
1534	11793
1527	11795
1513	11798
1499	11800
1502	11802
1524	11805
1545	11807
1552	11810
1552	11812
1544	11815
1516	11817
1500	11821
1497	11823
1483	11825
1481	11828
1471	11830
1459	11833
1482	11835
1504	11838
1514	11840
1527	11843
1536	11845
1540	11848
1542	11850
1545	11852
1545	11855
1529	11857
1524	11860
1533	11863
1542	11866
1544	11868
1542	11871
1520	11873
1504	11875
1483	11878
1466	11880
1460	11883
1490	11885
1508	11888
1514	11890
1519	11893
1523	11895
1522	11897
1531	11900
1541	11902
1545	11906
1531	11908
1526	11911
1525	11913
1527	11916
1533	11918
1538	11920
1539	11923
1518	11925
1498	11928
1489	11930
1478	11933
1465	11935
1483	11938
1506	11940
1520	11942
1522	11945
1527	11948
1533	11951
1538	11953
1539	11956
1537	11958
1536	11961
1538	11963
1540	11965
1539	11968
1536	11970
1530	11973
1521	11975
1509	11978
1508	11980
1508	11983
1502	11985
1492	11987
1478	11991
1456	11993
1455	11996
1484	11998
1507	12001
1525	12003
1526	12006
1513	12008
1511	12010
1518	12013
1529	12015
1536	12018
1532	12020
1525	12023
1500	12025
1455	12028
1460	12030
1485	12033
1497	12036
1506	12038
1512	12041
1522	12043
1529	12046
1536	12048
1540	12051
1535	12053
1530	12055
1530	12058
1534	12060
1536	12063
1528	12065
1504	12068
1500	12070
1512	12073
1521	12076
1518	12078
1508	12081
1482	12083
1473	12086
1488	12088
1486	12091
1465	12093
1454	12096
1474	12098
1501	12100
1515	12103
1513	12105
1513	12108
1507	12110
1495	12113
1502	12115
1501	12119
1499	12121
1499	12124
1504	12126
1499	12128
1504	12131
1504	12133
1511	12136
1522	12138
1530	12141
1524	12143
1508	12146
1472	12148
1474	12150
1499	12153
1518	12155
1513	12158
1497	12161
1495	12164
1504	12166
1512	12169
1512	12171
1508	12173
1496	12176
1496	12178
1511	12181
1525	12183
1531	12186
1528	12188
1512	12191
1472	12193
1452	12195
1467	12198
1495	12200
1518	12204
1531	12206
1532	12209
1531	12211
1531	12214
1528	12216
1523	12218
1527	12221
1523	12223
1505	12226
1484	12228
1483	12231
1494	12233
1508	12236
1518	12238
1527	12240
1531	12243
1527	12246
1523	12249
1512	12251
1486	12254
1481	12256
1481	12259
1485	12261
1490	12263
1493	12266
1501	12268
1517	12271
1530	12273
1532	12276
1532	12278
1520	12281
1510	12283
1509	12285
1509	12289
1505	12291
1500	12294
1499	12296
1507	12299
1509	12301
1508	12304
1497	12306
1486	12308
1474	12311
1483	12313
1508	12316
1524	12318
1530	12321
1525	12323
1510	12326
1506	12328
1510	12331
1515	12334
1516	12336
1507	12339
1509	12341
1512	12344
1512	12346
1495	12349
1488	12351
1493	12353
1494	12356
1495	12358
1506	12361
1511	12363
1495	12366
1479	12368
1487	12371
1508	12374
1522	12376
1518	12379
1501	12381
1495	12384
1495	12386
1511	12389
1525	12391
1525	12394
1515	12396
1510	12398
1513	12401
1520	12403
1522	12406
1523	12408
1525	12411
1529	12413
1530	12417
1511	12419
1495	12421
1498	12424
1502	12426
1499	12429
1500	12431
1492	12434
1480	12436
1484	12439
1499	12441
1503	12444
1487	12446
1483	12448
1495	12451
1515	12453
1511	12456
1499	12459
1492	12462
1472	12464
1456	12467
1479	12469
1509	12471
1528	12474
1538	12476
1542	12479
1544	12481
1542	12484
1540	12486
1540	12489
1537	12491
1532	12493
1527	12496
1521	12498
1517	12502
1516	12504
1502	12507
1482	12509
1473	12512
1475	12514
1484	12516
1501	12519
1514	12521
1514	12524
1511	12526
1488	12529
1477	12531
1483	12534
1496	12536
1514	12538
1523	12541
1521	12544
1516	12547
1514	12549
1508	12552
1497	12554
1489	12557
1497	12559
1514	12561
1519	12564
1523	12566
1528	12569
1530	12571
1532	12574
1527	12576
1518	12579
1511	12581
1513	12583
1521	12587
1522	12589
1497	12592
1481	12594
1474	12597
1460	12599
1462	12602
1488	12604
1507	12606
1517	12609
1521	12611
1527	12614
1529	12616
1527	12619
1528	12621
1529	12624
1524	12626
1521	12630
1526	12632
1530	12634
1534	12637
1535	12639
1530	12642
1517	12644
1510	12647
1510	12649
1512	12652
1510	12654
1510	12656
1511	12659
1516	12661
1521	12664
1526	12666
1524	12669
1514	12672
1506	12675
1503	12677
1505	12679
1508	12682
1514	12684
1519	12687
1521	12689
1512	12692
1497	12694
1494	12697
1502	12699
1513	12701
1515	12704
1510	12706
1508	12709
1504	12711
1497	12715
1493	12717
1489	12720
1484	12722
1483	12724
1492	12727
1504	12729
1513	12732
1521	12734
1520	12737
1510	12739
1498	12742
1504	12744
1512	12747
1517	12749
1517	12751
1516	12754
1507	12756
1506	12760
1510	12762
1513	12765
1513	12767
1505	12770
1500	12772
1502	12774
1509	12777
1510	12779
1512	12782
1505	12784
1503	12787
1494	12789
1478	12792
1483	12794
1498	12796
1508	12800
1512	12802
1503	12805
1498	12807
1502	12810
1508	12812
1515	12815
1513	12817
1506	12819
1505	12822
1511	12824
1518	12827
1523	12829
1523	12832
1518	12834
1512	12837
1507	12839
1510	12841
1516	12845
1517	12847
1516	12850
1512	12852
1508	12855
1508	12857
1511	12860
1502	12862
1491	12864
1492	12867
1500	12869
1488	12872
1486	12874
1483	12877
1482	12879
1494	12881
1508	12884
1519	12887
1526	12890
1530	12892
1531	12895
1532	12897
1533	12900
1523	12902
1509	12904
1506	12907
1517	12909
1525	12912
1527	12914
1528	12917
1526	12919
1525	12922
1525	12924
1525	12926
1523	12930
1511	12932
1497	12935
1493	12937
1497	12940
1503	12942
1513	12945
1515	12947
1513	12949
1517	12952
1523	12954
1524	12957
1513	12959
1487	12962
1491	12964
1510	12967
1518	12969
1511	12972
1501	12975
1504	12977
1512	12980
1519	12982
1525	12985
1524	12987
1522	12990
1526	12992
1530	12994
1533	12997
1532	12999
1527	13002
1520	13004
1512	13007
1507	13009
1511	13012
1517	13015
1525	13017
1529	13020
1531	13022
1531	13025
1529	13027
1529	13030
1528	13032
1524	13035
1495	13037
1485	13039
1498	13042
1515	13044
1517	13047
1520	13049
1522	13052
1514	13054
1509	13058
1516	13060
1519	13062
1518	13065
1518	13067
1524	13070
1529	13072
1532	13075
1532	13077
1531	13080
1530	13082
1528	13084
1527	13087
1522	13089
1506	13092
1490	13094
1489	13097
1496	13100
1507	13103
1517	13105
1521	13107
1522	13110
1525	13112
1527	13115
1528	13117
1527	13120
1509	13122
1497	13125
1500	13127
1509	13129
1519	13132
1523	13134
1517	13137
1514	13139
1516	13143
1521	13145
1519	13148
1504	13150
1484	13152
1481	13155
1496	13157
1499	13160
1503	13162
1516	13165
1523	13167
1528	13170
1531	13172
1532	13174
1532	13177
1529	13179
1525	13182
1525	13185
1522	13188
1519	13190
1519	13193
1522	13195
1522	13197
1524	13200
1524	13202
1520	13205
1516	13207
1511	13210
1503	13212
1496	13215
1491	13217
1492	13219
1504	13222
1512	13224
1516	13228
1521	13230
1527	13233
1531	13235
1533	13238
1533	13240
1530	13242
1529	13245
1529	13247
1529	13250
1528	13252
1527	13255
1527	13257
1523	13260
1513	13262
1510	13264
1515	13267
1520	13270
1522	13273
1516	13275
1507	13278
1507	13280
1512	13283
1505	13285
1486	13288
1488	13290
1506	13292
1520	13295
1523	13297
1517	13300
1506	13302
1508	13305
1520	13307
1526	13309
1528	13313
1530	13315
1532	13318
1532	13320
1533	13323
1530	13325
1519	13328
1510	13330
1511	13333
1516	13335
1518	13337
1522	13340
1526	13342
1527	13345
1523	13347
1520	13350
1520	13352
1518	13356
1514	13358
1503	13360
1501	13363
1506	13365
1517	13368
1522	13370
1511	13373
1503	13375
1501	13378
1502	13380
1508	13382
1517	13385
1525	13387
1529	13390
1528	13392
1519	13395
1512	13398
1518	13401
1526	13403
1529	13405
1530	13408
1531	13410
1532	13413
1531	13415
1531	13418
1527	13420
1522	13423
1516	13425
1511	13427
1511	13430
1509	13432
1507	13435
1510	13437
1511	13441
1509	13443
1503	13446
1501	13448
1509	13450
1520	13453
1523	13455
1526	13458
1532	13460
1533	13463
1531	13465
1531	13468
1533	13470
1535	13472
1536	13475
1532	13477
1527	13480
1526	13483
1528	13486
1527	13488
1523	13491
1522	13493
1521	13495
1520	13498
1522	13500
1526	13503
1523	13505
1514	13508
1511	13510
1513	13513
1522	13515
1527	13517
1525	13520
1520	13522
1516	13526
1518	13528
1520	13531
1509	13533
1504	13536
1511	13538
1522	13540
1526	13543
1529	13545
1535	13548
1538	13550
1540	13553
1538	13555
1534	13558
1532	13560
1525	13562
1518	13565
1519	13568
1525	13571
1533	13573
1537	13576
1540	13578
1541	13581
1543	13583
1544	13585
1543	13588
1543	13590
1535	13593
1525	13595
1517	13598
1522	13600
1524	13603
1517	13605
1515	13607
1521	13611
1532	13613
1540	13616
1539	13618
1528	13621
1519	13623
1521	13626
1531	13628
1536	13630
1540	13633
1542	13635
1543	13638
1542	13640
1542	13643
1540	13645
1533	13648
1527	13650
1529	13652
1532	13656
1533	13658
1530	13661
1531	13663
1532	13666
1528	13668
1527	13671
1528	13673
1528	13675
1528	13678
1529	13680
1528	13683
1526	13685
1527	13688
1527	13690
1525	13693
1523	13696
1517	13698
1501	13701
1486	13703
1495	13706
1508	13708
1518	13711
1525	13713
1532	13716
1536	13718
1538	13720
1540	13723
1541	13725
1541	13728
1538	13730
1533	13733
1530	13735
1532	13739
1530	13741
1527	13744
1528	13746
1531	13748
1533	13751
1534	13753
1532	13756
1528	13758
1523	13761
1520	13763
1517	13766
1515	13768
1518	13770
1525	13773
1525	13775
1521	13778
1507	13780
1488	13784
1493	13786
1505	13789
1515	13791
1517	13793
1520	13796
1529	13798
1535	13801
1539	13803
1540	13806
1536	13808
1533	13811
1534	13813
1536	13815
1532	13818
1528	13820
1527	13824
1530	13826
1531	13829
1529	13831
1528	13834
1528	13836
1526	13838
1521	13841
1512	13843
1508	13846
1510	13848
1514	13851
1513	13853
1509	13856
1504	13858
1504	13860
1513	13863
1512	13865
1508	13869
1512	13871
1515	13874
1516	13876
1516	13879
1517	13881
1517	13883
1519	13886
1521	13888
1524	13891
1526	13893
1528	13896
1528	13898
1525	13901
1522	13903
1521	13905
1521	13908
1521	13911
1518	13914
1516	13916
1517	13919
1514	13921
1510	13924
1512	13926
1516	13928
1518	13931
1519	13933
1519	13936
1519	13938
1517	13941
1514	13943
1508	13946
1503	13948
1503	13950
1503	13954
1504	13956
1509	13959
1512	13961
1516	13964
1500	13966
1479	13969
1482	13971
1498	13974
1508	13976
1514	13978
1521	13981
1526	13983
1528	13986
1528	13988
1528	13991
1529	13993
1528	13997
1525	13999
1523	14001
1522	14004
1520	14006
1518	14009
1515	14011
1512	14014
1505	14016
1492	14019
1483	14021
1473	14023
1463	14026
1464	14028
1478	14031
1495	14033
1506	14036
1516	14039
1523	14042
1530	14044
1530	14046
1531	14049
1530	14051
1530	14054
1530	14056
1529	14059
1528	14061
1524	14064
1524	14066
1524	14068
1525	14071
1524	14073
1520	14076
1513	14078
1506	14082
1497	14084
1493	14087
1496	14089
1504	14091
1506	14094
1507	14096
1512	14099
1517	14101
1513	14104
1505	14106
1501	14109
1505	14111
1511	14113
1512	14116
1511	14118
1514	14121
1524	14124
1531	14127
1534	14129
1535	14132
1531	14134
1530	14136
1527	14139
1523	14141
1514	14144
1504	14146
1503	14149
1505	14151
1512	14154
1517	14156
1520	14158
1521	14161
1522	14163
1521	14167
1518	14169
1518	14172
1517	14174
1514	14177
1509	14179
1509	14181
1513	14184
1513	14186
1508	14189
1506	14191
1510	14194
1512	14196
1516	14199
1518	14201
1518	14203
1520	14206
1526	14209
1529	14212
1530	14214
1532	14217
1529	14219
1526	14222
1522	14224
1518	14227
1514	14229
1510	14231
1508	14234
1506	14236
1504	14239
1504	14241
1506	14244
1505	14246
1502	14249
1502	14252
1500	14254
1494	14257
1491	14259
1494	14262
1495	14264
1495	14267
1496	14269
1498	14272
1497	14274
1502	14276
1510	14279
1516	14281
1520	14284
1522	14286
1521	14289
1519	14291
1517	14295
1518	14297
1519	14299
1515	14302
1509	14304
1503	14307
1502	14309
1505	14312
1510	14314
1517	14317
1522	14319
1525	14321
1527	14324
1529	14326
1530	14329
1525	14331
1515	14334
1503	14337
1497	14340
1491	14342
1478	14344
1480	14347
1488	14349
1501	14352
1502	14354
1497	14357
1500	14359
1505	14362
1518	14364
1529	14366
1536	14369
1539	14371
1539	14374
1533	14376
1526	14380
1520	14382
1519	14385
1523	14387
1525	14390
1526	14392
1525	14394
1526	14397
1527	14399
1519	14402
1505	14404
1494	14407
1497	14409
1509	14411
1514	14414
1515	14416
1512	14419
1505	14422
1501	14425
1499	14427
1488	14430
1471	14432
1464	14434
1472	14437
1481	14439
1487	14442
1495	14444
1506	14447
1513	14449
1513	14452
1510	14454
1507	14456
1511	14459
1515	14461
1511	14465
1496	14467
1479	14470
1483	14472
1500	14475
1511	14477
1516	14479
1520	14482
1521	14484
1522	14487
1520	14489
1513	14492
1508	14494
1505	14497
1506	14499
1510	14501
1512	14504
1512	14507
1506	14510
1488	14512
1478	14515
1480	14517
1485	14520
1492	14522
1495	14524
1489	14527
1484	14529
1486	14532
1496	14534
1502	14537
1503	14539
1496	14542
1486	14544
1484	14546
1491	14550
1499	14552
1505	14555
1508	14557
1508	14560
1511	14562
1516	14565
1520	14567
1521	14569
1520	14572
1514	14574
1510	14577
1510	14579
1512	14582
1513	14584
1511	14587
1505	14589
1494	14592
1487	14595
1487	14597
1490	14600
1491	14602
1486	14605
1480	14607
1482	14610
1491	14612
1504	14614
1512	14617
1508	14619
1495	14622
1488	14624
1492	14627
1501	14629
1505	14632
1504	14635
1509	14637
1513	14640
1519	14642
1520	14645
1516	14647
1506	14650
1498	14652
1495	14655
1503	14657
1513	14659
1522	14662
1525	14664
1527	14667
1524	14669
1517	14672
1513	14674
1514	14678
1515	14680
1513	14683
1511	14685
1509	14687
1502	14690
1495	14692
1495	14695
1501	14697
1508	14700
1506	14702
1505	14705
1508	14707
1513	14709
1516	14712
1518	14714
1519	14717
1523	14720
1526	14723
1526	14725
1520	14728
1516	14730
1515	14732
1511	14735
1504	14737
1495	14740
1488	14742
1488	14745
1490	14747
1495	14750
1501	14752
1505	14754
1505	14757
1504	14759
1511	14763
1517	14765
1522	14768
1525	14770
1525	14773
1522	14775
1517	14777
1511	14780
1505	14782
1501	14785
1497	14787
1498	14790
1502	14792
1503	14795
1502	14797
1500	14799
1495	14802
1491	14804
1490	14808
1496	14810
1499	14813
1498	14815
1498	14818
1501	14820
1507	14822
1512	14825
1517	14827
1518	14830
1518	14832
1519	14835
1519	14837
1518	14840
1517	14842
1513	14844
1509	14848
1503	14850
1502	14853
1502	14855
1501	14858
1495	14860
1488	14863
1487	14865
1493	14867
1496	14870
1492	14872
1488	14875
1487	14877
1490	14880
1496	14882
1501	14885
1490	14887
1481	14889
1476	14893
1486	14895
1495	14898
1503	14900
1507	14903
1509	14905
1513	14908
1514	14910
1512	14912
1510	14915
1510	14917
1512	14920
1514	14922
1516	14925
1518	14927
1520	14930
1521	14932
1521	14936
1516	14938
1508	14940
1500	14943
1498	14945
1501	14948
1506	14950
1507	14953
1505	14955
1503	14958
1502	14960
1503	14962
1504	14965
1505	14967
1506	14970
1505	14972
1497	14976
1487	14978
1488	14981
1495	14983
1499	14985
1503	14988
1504	14990
1504	14993
1503	14995
1503	14998
1502	15000
1502	15003
1499	15005
1494	15007
1490	15010
1486	15012
1487	15015
1491	15017
1492	15021
1493	15023
1493	15026
1493	15028
1493	15030
1494	15033
1489	15035
1485	15038
1480	15040
1478	15043
1479	15045
1482	15048
1487	15050
1494	15052
1499	15055
1502	15057
1505	15060
1506	15063
1507	15066
1506	15068
1502	15071
1501	15073
1503	15075
1506	15078
1508	15080
1511	15083
1513	15085
1512	15088
1510	15090
1508	15093
1509	15095
1510	15098
1511	15100
1511	15102
1512	15106
1513	15108
1514	15111
1515	15113
1516	15116
1516	15118
1516	15121
1515	15123
1516	15125
1514	15128
1513	15130
1513	15133
1515	15135
1516	15138
1516	15140
1517	15143
1518	15145
1520	15148
1520	15151
1520	15153
1521	15156
1522	15158
1523	15161
1523	15163
1523	15166
1523	15168
1522	15170
1520	15173
1520	15175
1522	15178
1523	15180
1524	15183
1524	15185
1523	15188
1522	15191
1523	15194
1526	15196
1527	15198
1528	15201
1528	15203
1528	15206
1527	15208
1526	15211
1526	15213
1526	15216
1526	15218
1526	15220
1525	15223
1525	15225
1525	15228
1526	15230
1526	15234
1525	15236
1525	15239
1525	15241
1526	15243
1526	15246
1524	15248
1523	15251
1524	15253
1525	15256
1526	15258
1527	15261
1528	15263
1529	15265
1531	15268
1531	15270
1532	15273
1532	15276
1531	15279
1527	15281
1522	15284
1523	15286
1528	15288
1534	15291
1538	15293
1544	15296
1549	15298
1554	15301
1557	15303
1559	15306
1561	15308
1563	15310
1565	15313
1567	15315
1569	15319
1570	15321
1572	15324
1573	15326
1574	15329
1575	15331
1576	15333
1576	15336
1576	15338
1574	15341
1572	15343
1571	15346
1569	15348
1565	15351
1562	15353
1558	15356
1554	15358
1552	15361
1548	15364
1542	15366
1534	15369
1526	15371
1521	15374
1514	15376
1508	15379
1501	15381
1495	15383
1491	15386
1484	15388
1478	15391
1473	15393
1468	15396
1464	15398
1461	15401
1458	15404
1454	15406
1451	15409
1449	15411
1448	15414
1446	15416
1444	15419
1442	15421
1441	15424
1440	15426
1440	15428
1440	15431
1441	15433
1441	15436
1441	15438
1441	15441
1441	15443
1441	15447
1441	15449
1441	15451
1441	15454
1442	15456
1444	15459
1446	15461
1448	15464
1449	15466
1451	15469
1453	15471
1454	15473
1454	15476
1455	15478
1456	15481
1458	15483
1459	15486
1460	15489
1461	15492
1463	15494
1464	15496
1467	15499
1469	15501
1470	15504
1472	15506
1474	15509
1475	15511
1477	15514
1479	15516
1481	15518
1483	15521
1484	15523
1485	15526
1487	15528
1488	15532
1490	15534
1492	15537
1493	15539
1493	15541
1493	15544
1492	15546
1491	15549
1489	15551
1491	15554
1494	15556
1495	15559
1496	15561
1496	15563
1496	15566
1495	15568
1494	15571
1494	15574
1493	15577
1493	15579
1492	15582
1492	15584
1491	15586
1490	15589
1488	15591
1487	15594
1486	15596
1485	15599
1485	15601
1484	15604
1483	15606
1482	15608
1482	15611
1481	15613
1481	15617
1481	15619
1481	15622
1480	15624
1480	15627
1479	15629
1479	15631
1480	15634
1480	15636
1479	15639
1479	15641
1479	15644
1480	15646
1480	15649
1480	15651
1480	15653
1480	15656
1479	15659
1479	15662
1480	15664
1480	15667
1481	15669
1481	15672
1481	15674
1481	15676
1481	15679
1482	15681
1482	15684
1483	15686
1483	15689
1483	15691
1483	15694
1484	15696
1485	15698
1485	15702
1486	15704
1485	15707
1485	15709
1485	15712
1485	15714
1486	15717
1486	15719
1487	15721
1487	15724
1486	15726
1487	15729
1487	15731
1487	15734
1488	15736
1487	15739
1487	15741
1487	15744
1487	15747
1487	15749
1488	15752
1488	15754
1488	15757
1487	15759
1487	15762
1487	15764
1488	15766
1488	15769
1488	15771
1487	15774
1487	15776
1487	15779
1487	15781
1487	15784
1488	15787
1488	15790
1488	15792
1487	15794
1488	15797
1488	15799
1488	15802
1488	15804
1488	15807
1488	15809
1488	15811
1488	15814
1488	15816
1488	15819
1488	15821
1488	15824
1487	15826
1487	15830
1487	15832
1487	15835
1487	15837
1487	15839
1487	15842
1486	15844
1486	15847
1486	15849
1486	15852
1487	15854
1486	15857
1486	15859
1487	15861
1487	15864
1488	15866
1489	15869
1489	15872
1490	15875
1490	15877
1491	15879
1492	15882
1493	15884
1494	15887
1494	15889
1494	15892
1495	15894
1495	15897
1496	15899
1496	15902
1497	15904
1497	15906
1497	15909
1498	15911
1498	15915
1499	15917
1499	15920
1499	15922
1499	15925
1499	15927
1499	15929
1500	15932
1501	15934
1501	15937
1502	15939
1502	15942
1502	15944
1502	15947
1503	15949
1504	15951
1504	15954
1504	15956
1504	15960
1504	15962
1505	15965
1506	15967
1506	15970
1507	15972
1508	15974
1508	15977
1509	15979
1510	15982
1511	15984
1512	15987
1512	15989
1512	15992
1512	15994
1513	15997
1514	16000
1514	16002
1515	16005
1515	16007
1515	16010
1515	16012
1516	16015
1516	16017
1516	16019
1516	16022
1516	16024
1516	16027
1516	16029
1516	16032
1516	16034
1516	16037
1516	16039
1515	16041
1515	16045
1515	16047
1515	16050
1514	16052
1514	16055
1513	16057
1512	16060
1512	16062
1512	16064
1511	16067
1512	16069
1511	16072
1510	16074
1510	16077
1509	16079
1509	16082
1509	16084
1509	16087
1508	16090
1508	16092
1507	16095
1507	16097
1507	16100
1508	16102
1508	16105
1507	16107
1507	16109
1507	16112
1507	16114
1507	16117
1507	16119
1507	16122
1506	16124
1506	16128
1505	16130
1505	16132
1505	16135
1505	16137
1504	16140
1503	16142
1503	16145
1503	16147
1503	16150
1503	16152
1503	16154
1502	16157
1501	16159
1501	16162
1501	16164
1501	16167
1500	16169
1500	16173
1499	16175
1498	16177
1498	16180
1498	16182
1498	16185
1497	16187
1497	16190
1496	16192
1496	16195
1496	16197
1497	16199
1497	16202
1496	16204
1496	16207
1496	16209
1496	16212
1496	16215
1496	16218
1496	16220
1496	16222
1496	16225
1496	16227
1496	16230
1496	16232
1497	16235
1497	16237
1497	16240
1498	16242
1499	16244
1499	16247
1501	16249
1502	16252
1502	16254
1502	16258
1503	16260
1503	16263
1503	16265
1503	16267
1503	16270
1503	16272
1503	16275
1503	16277
1504	16280
1504	16282
1504	16285
1505	16287
1504	16289
1504	16292
1504	16294
1505	16297
1505	16300
1505	16303
1505	16305
1505	16308
1505	16310
1505	16312
1505	16315
1505	16317
1505	16320
1504	16322
1504	16325
1503	16327
1503	16330
1503	16332
1503	16334
1503	16337
1502	16339
1502	16343
1501	16345
1501	16348
1501	16350
1501	16353
1500	16355
1500	16357
1499	16360
1499	16362
1499	16365
1499	16367
1499	16370
1499	16372
1498	16375
1498	16377
1498	16379
1499	16382
1499	16385
1499	16388
1498	16390
1498	16393
1498	16395
1498	16398
1498	16400
1498	16402
1498	16405
1497	16407
1497	16410
1497	16412
1497	16415
1497	16417
1497	16420
1498	16422
1497	16424
1497	16428
1497	16430
1498	16433
1498	16435
1498	16438
1498	16440
1498	16443
1497	16445
1497	16447
1497	16450
1497	16452
1497	16455
1496	16457
1496	16460
1496	16462
1496	16465
1496	16467
1496	16470
1496	16473
1496	16475
1495	16478
1495	16480
1495	16483
1495	16485
1495	16488
1495	16490
1494	16492
1494	16495
1494	16497
1493	16500
1494	16502
1493	16505
1493	16507
1492	16510
1492	16513
1492	16515
1492	16518
1492	16520
1492	16523
1492	16525
1492	16528
1492	16530
1492	16533
1493	16535
1493	16537
1492	16540
1492	16542
1492	16545
1493	16547
1493	16550
1494	16552
1494	16556
1494	16558
1494	16560
1494	16563
1494	16565
1495	16568
1495	16570
1495	16573
1495	16575
1495	16578
1495	16580
1496	16582
1496	16585
1496	16587
1496	16590
1496	16592
1496	16595
1497	16598
1497	16601
1497	16603
1497	16605
1497	16608
1497	16610
1497	16613
1498	16615
1498	16618
1499	16620
1499	16623
1499	16625
1499	16627
1500	16630
1501	16632
1501	16635
1502	16637
1501	16641
1501	16643
1501	16646
1502	16648
1502	16650
1503	16653
1503	16655
1502	16658
1502	16660
1502	16663
1503	16665
1503	16668
1503	16670
1503	16672
1503	16675
1503	16677
1503	16680
1503	16683
1504	16686
1504	16688
1503	16691
1503	16693
1503	16695
1504	16698
1504	16700
1505	16703
1504	16705
1504	16708
1503	16710
1503	16713
1503	16715
1503	16717
1503	16720
1503	16722
1502	16726
1502	16728
1502	16731
1502	16733
1503	16736
1503	16738
1502	16740
1502	16743
1502	16745
1502	16748
1502	16750
1503	16753
1503	16755
1503	16758
1503	16760
1503	16762
1503	16765
1503	16768
1503	16771
1503	16773
1503	16776
1503	16778
1503	16781
1504	16783
1504	16786
1504	16788
1504	16790
1504	16793
1504	16795
1505	16798
1505	16800
1505	16803
1505	16805
1505	16808
1505	16811
1506	16813
1506	16816
1506	16818
1506	16821
1506	16823
1506	16826
1506	16828
1506	16831
1506	16833
1506	16835
1506	16838
1506	16840
1505	16843
1505	16845
1505	16848
1506	16850
1506	16854
1506	16856
1505	16858
1505	16861
1505	16863
1505	16866
1505	16868
1505	16871
1505	16873
1504	16876
1504	16878
1504	16880
1504	16883
1505	16885
1505	16888
1504	16890
1504	16893
1504	16896
1504	16899
1505	16901
1505	16903
1504	16906
1504	16908
1504	16911
1504	16913
1504	16916
1504	16918
1504	16920
1503	16923
1503	16925
1503	16928
1503	16930
1503	16933
1504	16935
1504	16939
1503	16941
1503	16944
1503	16946
1504	16948
1504	16951
1504	16953
1504	16956
1504	16958
1504	16961
1505	16963
1506	16966
1507	16968
1507	16970
1508	16973
1508	16975
1508	16978
1509	16980
1509	16984
1509	16986
1509	16988
1509	16991
1509	16993
1509	16996
1509	16998
1509	17001
1510	17003
1509	17006
1509	17008
1509	17010
1509	17013
1509	17015
1510	17018
1510	17020
1510	17024
1509	17026
1509	17029
1509	17031
1510	17034
1510	17036
1510	17038
1510	17041
1510	17043
1510	17046
1510	17048
1511	17051
1511	17053
1511	17056
1510	17058
1510	17060
1510	17063
1511	17065
1511	17069
1511	17071
1511	17074
1511	17076
1511	17079
1511	17081
1511	17083
1511	17086
1511	17088
1511	17091
1510	17093
1510	17096
1510	17098
1511	17101
1511	17103
1510	17105
1510	17108
1510	17111
1510	17114
1510	17116
1510	17119
1510	17121
1509	17124
1509	17126
1509	17128
1509	17131
1509	17133
1510	17136
1510	17138
1509	17141
1509	17143
1509	17146
1509	17148
1509	17150
1509	17154
1509	17156
1509	17159
1509	17161
1508	17164
1508	17166
1508	17169
1508	17171
1508	17173
1507	17176
1506	17178
1506	17181
1506	17183
1506	17186
1506	17188
1505	17191
1504	17193
1504	17196
1504	17199
1504	17201
1504	17204
1504	17206
1504	17209
1504	17211
1504	17214
1504	17216
1504	17218
1504	17221
1504	17223
1503	17226
1503	17228
1504	17231
1504	17233
1504	17236
1504	17239
1504	17241
1503	17244
1504	17246
1504	17249
1504	17251
1505	17254
1505	17256
1505	17259
1505	17261
1505	17263
1506	17266
1507	17268
1507	17271
1507	17273
1507	17276
1508	17278
1508	17282
1509	17284
1510	17287
1510	17289
1510	17291
1510	17294
1511	17296
1512	17299
1513	17301
1513	17304
1514	17306
1514	17309
1515	17311
1515	17313
1516	17316
1516	17318
1517	17321
1517	17324
1517	17327
1517	17329
1517	17332
1517	17334
1518	17336
1517	17339
1517	17341
1516	17344
1516	17346
1516	17349
1516	17351
1516	17354
1516	17356
1515	17358
1514	17361
1514	17363
1514	17367
1514	17369
1514	17372
1513	17374
1513	17377
1512	17379
1513	17381
1513	17384
1512	17386
1512	17389
1511	17391
1511	17394
1510	17396
1510	17399
1510	17401
1510	17403
1509	17406
1509	17409
1508	17412
1507	17414
1507	17417
1507	17419
1507	17422
1506	17424
1505	17426
1505	17429
1505	17431
1505	17434
1505	17436
1505	17439
1504	17441
1504	17444
1504	17446
1505	17448
1505	17452
1505	17454
1505	17457
1505	17459
1505	17462
1506	17464
1506	17467
1507	17469
1507	17471
1507	17474
1507	17476
1506	17479
1507	17481
1507	17484
1507	17486
1507	17489
1506	17491
1506	17494
1506	17497
1506	17499
1506	17502
1506	17504
1506	17507
1505	17509
1505	17512
1505	17514
1505	17517
1505	17519
1504	17521
1503	17524
1503	17526
1502	17529
1502	17531
1502	17534
1502	17537
1501	17540
1500	17542
1500	17544
1500	17547
1500	17549
1500	17552
1500	17554
1500	17557
1499	17559
1498	17562
1498	17564
1498	17566
1498	17569
1498	17571
1497	17574
1497	17576
1497	17580
1497	17582
1497	17585
1497	17587
1497	17589
1497	17592
1496	17594
1497	17597
1497	17599
1497	17602
1496	17604
1496	17607
1496	17609
1495	17611
1495	17614
1496	17616
1496	17619
1496	17622
1495	17625
1495	17627
1495	17630
1495	17632
1495	17634
1495	17637
1495	17639
1494	17642
1494	17644
1495	17647
1495	17649
1495	17652
1495	17654
1496	17656
1496	17659
1496	17661
1497	17665
1497	17667
1497	17670
1497	17672
1497	17675
1497	17677
1498	17679
1498	17682
1498	17684
1498	17687
1498	17689
1498	17692
1498	17694
1498	17697
1498	17699
1499	17701
1499	17704
1499	17707
1498	17710
1498	17712
1499	17715
1499	17717
1499	17720
1499	17722
1499	17724
1499	17727
1499	17729
1500	17732
1500	17734
1500	17737
1500	17739
1500	17742
1500	17744
1501	17746
1501	17750
1502	17752
1501	17755
1501	17757
1501	17760
1502	17762
1502	17765
1503	17767
1503	17769
1503	17772
1503	17774
1503	17777
1503	17779
1504	17782
1505	17784
1505	17787
1505	17789
1505	17793
1505	17795
1505	17797
1505	17800
1506	17802
1505	17805
1505	17807
1505	17810
1505	17812
1506	17815
1506	17817
1506	17819
1506	17822
1506	17824
1506	17827
1506	17829
1506	17832
1507	17835
1506	17838
1506	17840
1506	17842
1506	17845
1507	17847
1507	17850
1507	17852
1507	17855
1507	17857
1506	17860
1507	17862
1507	17864
1508	17867
1508	17869
1508	17872
1508	17874
1507	17878
1508	17880
1508	17883
1508	17885
1508	17887
1508	17890
1507	17892
1507	17895
1507	17897
1507	17900
1507	17902
1507	17905
1506	17907
1506	17909
1505	17912
1505	17914
1506	17917
1506	17920
1505	17923
1505	17925
1504	17928
1504	17930
1505	17932
1505	17935
1505	17937
1504	17940
1504	17942
1504	17945
1504	17947
1504	17950
1505	17952
1505	17954
1504	17957
1504	17959
1504	17963
1504	17965
1504	17968
1505	17970
1505	17973
1504	17975
1504	17977
1505	17980
1505	17982
1505	17985
1506	17987
1506	17990
1505	17992
1505	17995
1505	17997
1506	18000
1506	18002
1506	18004
1507	18008
1507	18010
1507	18013
1507	18015
1507	18018
1508	18020
1508	18023
1507	18025
1507	18027
1508	18030
1508	18032
1508	18035
1508	18037
1508	18040
1508	18042
1508	18044
1508	18048
1509	18050
1509	18053
1509	18055
1508	18058
1508	18060
1508	18063
1508	18065
1508	18068
1508	18070
1508	18072
1507	18075
1507	18077
1507	18080
1507	18082
1507	18085
1507	18087
1506	18089
1506	18093
1506	18095
1506	18098
1506	18100
1506	18103
1505	18105
1505	18108
1504	18110
1504	18113
1504	18115
1504	18117
1504	18120
1503	18122
1503	18125
1503	18127
1503	18130
1503	18132
1503	18135
1503	18138
1503	18140
1503	18143
1502	18145
1502	18148
1502	18150
1502	18153
1502	18155
1501	18158
1501	18160
1500	18162
1501	18165
1501	18167
1500	18170
1500	18172
1500	18176
1499	18178
1499	18181
1499	18183
1499	18185
1499	18188
1499	18190
1499	18193
1499	18195
1499	18198
1500	18200
1500	18203
1500	18205
1500	18207
1500	18210
1500	18212
1501	18215
1501	18217
1502	18221
1501	18223
