Device found. I2C connections are good.
1515	2
1515	5
1515	7
1515	9
1515	11
1515	14
1515	16
1515	18
1515	20
1515	23
1515	25
1515	27
1515	30
1515	32
1515	34
1515	36
1515	39
1515	41
1514	44
1514	47
1514	49
1514	51
1514	53
1514	56
1514	58
1514	60
1514	63
1514	65
1515	67
1515	70
1515	72
1515	74
1516	76
1516	79
1516	81
1516	83
1516	87
1515	89
1515	91
1515	93
1515	96
1515	98
1514	100
1514	103
1514	105
1514	107
1514	110
1514	112
1514	114
1513	117
1513	119
1513	121
1513	124
1513	126
1513	129
1512	132
1512	134
1512	136
1512	139
1512	141
1512	144
1512	146
1512	148
1512	151
1512	153
1512	155
1512	158
1512	160
1512	162
1512	165
1512	167
1513	169
1513	173
1513	175
1513	177
1513	180
1513	182
1513	184
1513	187
1513	189
1513	191
1512	194
1512	196
1512	198
1512	201
1512	203
1512	205
1512	208
1512	210
1512	214
1512	216
1512	218
1512	221
1512	223
1512	225
1512	228
1512	230
1512	232
1511	235
1511	237
1511	239
1511	242
1511	244
1511	246
1511	249
1511	251
1511	253
1511	257
1511	259
1511	261
1511	264
1511	266
1511	268
1511	271
1511	273
1511	275
1511	278
1512	280
1512	283
1512	285
1512	287
1512	290
1512	292
1512	294
1512	297
1512	300
1512	302
1512	305
1512	307
1512	309
1512	312
1512	314
1513	316
1513	319
1512	321
1512	323
1512	326
1512	328
1512	330
1512	333
1512	335
1512	337
1512	340
1512	343
1512	345
1512	348
1512	350
1512	353
1512	355
1512	357
1512	360
1512	362
1512	364
1512	367
1512	369
1512	371
1512	374
1512	376
1512	378
1512	381
1511	384
1512	386
1511	389
1512	391
1512	393
1511	396
1511	398
1511	400
1511	403
1511	405
1511	407
1511	410
1511	412
1510	414
1510	417
1510	419
1510	422
1510	424
1510	427
1510	430
1510	432
1510	434
1510	437
1510	439
1510	441
1510	444
1510	446
1510	448
1510	451
1510	453
1510	455
1510	458
1510	460
1510	462
1510	465
1510	467
1510	470
1510	473
1510	475
1510	477
1510	480
1511	482
1510	484
1511	487
1510	489
1511	492
1510	494
1510	496
1510	499
1510	501
1510	503
1510	506
1510	508
1510	510
1510	514
1510	516
1510	518
1511	521
1511	523
1511	525
1511	528
1511	530
1512	532
1512	535
1512	537
1512	539
1512	542
1512	544
1512	546
1512	549
1512	551
1512	553
1512	557
1512	559
1513	561
1513	564
1513	566
1513	569
1513	571
1513	573
1513	576
1513	578
1513	580
1512	583
1512	585
1512	587
1513	590
1513	592
1513	594
1513	598
1513	600
1513	602
1513	605
1512	607
1512	609
1512	612
1512	614
1512	616
1512	619
1512	621
1512	623
1512	626
1512	628
1511	630
1511	633
1512	635
1511	638
1511	641
1511	643
1511	646
1511	648
1511	650
1511	653
1511	655
1511	657
1511	660
1510	662
1510	664
1510	667
1511	669
1511	671
1510	674
1511	676
1511	678
1511	681
1511	684
1511	686
1511	689
1511	691
1511	693
1511	696
1511	698
1511	700
1511	703
1511	705
1511	708
1511	710
1511	712
1511	715
1511	717
1511	719
1511	722
1511	724
1511	727
1511	730
1511	732
1511	734
1511	737
1511	739
1511	741
1511	744
1511	746
1511	748
1511	751
1512	753
1512	755
1512	758
1512	760
1512	762
1512	765
1512	768
1512	770
1512	773
1512	775
1512	777
1512	780
1512	782
1512	785
1512	787
1512	789
1512	792
1513	794
1513	796
1513	799
1513	801
1513	803
1513	806
1513	808
1513	811
1514	814
1514	816
1514	818
1514	821
1514	823
1514	825
1514	828
1514	830
1514	832
1515	835
1515	837
1515	839
1515	842
1515	844
1515	846
1515	849
1515	851
1515	855
1515	857
1515	859
1515	862
1514	864
1514	866
1514	869
1514	871
1514	873
1513	876
1513	878
1513	880
1513	883
1512	885
1512	887
1512	890
1512	892
1512	894
1512	898
1511	900
1511	902
1511	905
1511	907
1511	909
1511	912
1511	914
1511	916
1511	919
1511	921
1511	924
1511	926
1511	928
1511	931
1510	933
1510	935
1511	939
1511	941
1511	943
1511	946
1511	948
1511	950
1511	953
1511	955
1511	957
1511	960
1511	962
1510	964
1510	967
1510	969
1510	971
1510	974
1510	976
1510	978
1510	982
1510	984
1510	986
1510	989
1510	991
1510	993
1510	996
1510	998
1510	1001
1510	1003
1511	1005
1511	1008
1511	1010
1511	1013
1511	1015
1511	1017
1511	1020
1511	1022
1511	1025
1511	1028
1512	1030
1512	1033
1512	1035
1512	1037
1512	1040
1512	1042
1512	1045
1511	1047
1512	1049
1512	1052
1512	1054
1512	1057
1512	1059
1512	1061
1512	1064
1512	1067
1512	1070
1512	1072
1512	1074
1512	1077
1512	1079
1512	1082
1512	1084
1512	1086
1512	1089
1512	1091
1512	1093
1512	1096
1512	1098
1512	1101
1512	1103
1512	1105
1512	1108
1512	1111
1512	1114
1512	1116
1512	1118
1512	1121
1512	1123
1512	1126
1512	1128
1512	1130
1512	1133
1512	1135
1512	1138
1512	1140
1512	1142
1512	1145
1512	1147
1512	1150
1512	1153
1512	1155
1512	1158
1512	1160
1512	1163
1512	1165
1512	1167
1512	1170
1512	1172
1512	1174
1512	1177
1512	1179
1512	1182
1512	1184
1512	1186
1512	1189
1512	1191
1513	1195
1512	1197
1512	1199
1512	1202
1512	1204
1512	1207
1512	1209
1512	1211
1512	1214
1511	1216
1511	1219
1511	1221
1511	1223
1511	1226
1511	1228
1511	1231
1510	1233
1510	1235
1510	1239
1510	1241
1510	1244
1510	1246
1510	1248
1510	1251
1510	1253
1509	1255
1509	1258
1509	1260
1509	1263
1509	1265
1509	1267
1509	1270
1508	1272
1508	1275
1508	1277
1508	1280
1508	1283
1509	1285
1509	1288
1509	1290
1509	1292
1509	1295
1509	1297
1510	1300
1510	1302
1510	1304
1510	1307
1510	1309
1510	1312
1510	1314
1510	1316
1510	1319
1511	1321
1510	1325
1510	1327
1510	1329
1510	1332
1510	1334
1509	1337
1509	1339
1509	1341
1509	1344
1509	1346
1508	1348
1508	1351
1508	1353
1508	1356
1508	1358
1508	1360
1508	1363
1507	1366
1508	1369
1508	1371
1508	1373
1508	1376
1508	1378
1508	1381
1508	1383
1508	1385
1508	1388
1508	1390
1508	1393
1508	1395
1509	1397
1509	1400
1509	1402
1509	1405
1509	1408
1509	1410
1509	1413
1509	1415
1510	1417
1510	1420
1510	1422
1510	1425
1510	1427
1511	1429
1511	1432
1511	1434
1511	1437
1511	1439
1511	1441
1511	1444
1511	1446
1512	1449
1512	1452
1512	1454
1512	1457
1512	1459
1513	1462
1513	1464
1513	1466
1513	1469
1513	1471
1513	1474
1513	1476
1513	1478
1513	1481
1513	1483
1513	1486
1513	1488
1514	1490
1514	1494
1514	1496
1513	1499
1513	1501
1513	1503
1513	1506
1513	1508
1513	1510
1512	1513
1512	1515
1512	1518
1512	1520
1512	1522
1512	1525
1512	1527
1512	1530
1512	1532
1512	1534
1512	1538
1512	1540
1512	1543
1512	1545
1512	1547
1512	1550
1512	1552
1512	1555
1512	1557
1512	1559
1512	1562
1512	1564
1512	1567
1512	1569
1512	1571
1512	1574
1512	1576
1512	1579
1511	1582
1512	1584
1512	1587
1512	1589
1512	1591
1513	1594
1513	1596
1513	1599
1514	1601
1514	1603
1515	1606
1515	1608
1516	1611
1516	1613
1516	1615
1517	1618
1517	1620
1517	1624
1517	1626
1517	1628
1518	1631
1518	1633
1518	1636
1518	1638
1518	1640
1518	1643
1518	1645
1518	1648
1517	1650
1518	1652
1517	1655
1517	1657
1517	1659
1517	1662
1517	1665
1516	1668
1516	1670
1516	1672
1516	1675
1516	1677
1515	1680
1515	1682
1515	1684
1515	1687
1515	1689
1515	1692
1515	1694
1514	1696
1514	1699
1514	1701
1514	1704
1514	1707
1513	1709
1513	1712
1513	1714
1513	1717
1513	1719
1513	1721
1513	1724
1513	1726
1512	1729
1512	1731
1512	1733
1512	1736
1512	1738
1512	1740
1512	1743
1512	1745
1512	1748
1512	1751
1512	1753
1512	1756
1512	1758
1512	1761
1512	1763
1512	1765
1512	1768
1512	1770
1512	1773
1512	1775
1512	1777
1512	1780
1512	1782
1512	1785
1512	1787
1512	1789
1512	1793
1512	1795
1512	1798
1512	1800
1512	1802
1512	1805
1512	1807
1512	1810
1512	1812
1512	1814
1512	1817
1512	1819
1512	1821
1512	1824
1512	1826
1512	1829
1512	1831
1512	1833
1512	1837
1512	1839
1513	1842
1513	1844
1513	1846
1513	1849
1513	1851
1513	1854
1513	1856
1513	1858
1513	1861
1513	1863
1513	1866
1513	1868
1513	1870
1513	1873
1513	1875
1513	1879
1513	1881
1513	1883
1513	1886
1513	1888
1513	1891
1513	1893
1513	1895
1513	1898
1513	1900
1513	1902
1513	1905
1513	1907
1513	1910
1513	1912
1513	1914
1513	1917
1513	1920
1513	1923
1513	1925
1512	1927
1512	1930
1512	1932
1512	1935
1512	1937
1512	1939
1512	1942
1512	1944
1512	1947
1512	1949
1512	1951
1512	1954
1513	1956
1513	1959
1513	1961
1513	1964
1513	1967
1513	1969
1513	1972
1513	1974
1513	1976
1513	1979
1513	1981
1513	1983
1512	1986
1512	1988
1512	1991
1512	1993
1512	1995
1511	1998
1511	2000
1511	2003
1511	2006
1511	2008
1511	2011
1511	2013
1511	2016
1511	2018
1511	2020
1511	2023
1510	2025
1510	2028
1510	2030
1510	2032
1510	2035
1510	2037
1509	2040
1509	2042
1509	2044
1509	2048
1509	2050
1509	2053
1509	2055
1509	2057
1509	2060
1509	2062
1509	2064
1509	2067
1509	2069
1509	2072
1509	2074
1509	2076
1509	2079
1509	2081
1509	2084
1509	2086
1509	2088
1509	2092
1509	2094
1509	2097
1509	2099
1509	2101
1509	2104
1509	2106
1509	2109
1509	2111
1508	2113
1508	2116
1508	2118
1508	2121
1508	2123
1508	2125
1508	2128
1507	2130
1508	2134
1508	2136
1507	2138
1507	2141
1508	2143
1507	2145
1507	2148
1507	2150
1507	2153
1507	2155
1508	2157
1508	2160
1507	2162
1507	2165
1508	2167
1508	2169
1508	2172
1508	2174
1508	2178
1508	2180
1508	2182
1508	2185
1508	2187
1508	2190
1508	2192
1508	2194
1508	2197
1508	2199
1508	2202
1508	2204
1508	2206
1508	2209
1508	2211
1508	2214
1508	2216
1508	2219
1508	2222
1508	2224
1508	2226
1508	2229
1507	2231
1507	2234
1507	2236
1507	2238
1507	2241
1507	2243
1507	2246
1507	2248
1507	2250
1507	2253
1507	2255
1507	2258
1507	2260
1507	2263
1507	2266
1507	2268
1507	2271
1507	2273
1507	2275
1507	2278
1507	2280
1507	2283
1507	2285
1507	2287
1507	2290
1507	2292
1507	2295
1507	2297
1507	2299
1507	2302
1507	2305
1507	2307
1507	2310
1507	2312
1507	2315
1507	2317
1506	2319
1506	2322
1506	2324
1506	2327
1506	2329
1506	2331
1507	2334
1507	2336
1507	2339
1507	2341
1507	2343
1506	2347
1506	2349
1507	2352
1507	2354
1507	2356
1507	2359
1507	2361
1507	2364
1507	2366
1507	2368
1508	2371
1508	2373
1508	2376
1508	2378
1508	2380
1508	2383
1508	2385
1508	2387
1508	2391
1508	2393
1508	2396
1508	2398
1508	2400
1508	2403
1508	2405
1508	2408
1508	2410
1507	2412
1507	2415
1507	2417
1507	2420
1507	2422
1507	2424
1507	2427
1506	2429
1506	2433
1506	2435
1506	2437
1506	2440
1506	2442
1506	2445
1506	2447
1506	2449
1506	2452
1506	2454
1506	2457
1506	2459
1506	2461
1506	2464
1506	2466
1505	2469
1505	2471
1505	2473
1505	2477
1506	2479
1506	2481
1506	2484
1506	2486
1506	2489
1507	2491
1507	2493
1507	2496
1507	2498
1507	2501
1508	2503
1508	2505
1508	2508
1509	2510
1509	2513
1509	2515
1509	2518
1509	2521
1509	2523
1509	2526
1510	2528
1509	2530
1510	2533
1509	2535
1509	2538
1510	2540
1510	2542
1510	2545
1510	2547
1510	2550
1510	2552
1510	2554
1510	2557
1510	2560
1510	2562
1510	2565
1510	2567
1510	2570
1510	2572
1510	2574
1510	2577
1510	2579
1509	2582
1509	2584
1510	2586
1510	2589
1510	2591
1510	2594
1510	2596
1510	2598
1511	2601
1511	2604
1511	2607
1511	2609
1511	2611
1511	2614
1511	2616
1511	2619
1511	2621
1511	2623
1511	2626
1511	2628
1511	2631
1511	2633
1511	2635
1511	2638
1511	2640
1511	2642
1511	2646
1511	2648
1511	2651
1511	2653
1511	2655
1511	2658
1511	2660
1511	2663
1511	2665
1511	2667
1511	2670
1511	2672
1511	2675
1511	2677
1511	2679
1511	2682
1510	2684
1510	2688
1510	2690
1511	2692
1510	2695
1510	2697
1511	2700
1511	2702
1511	2704
1511	2707
1511	2709
1511	2712
1511	2714
1511	2716
1511	2719
1511	2721
1511	2723
1511	2726
1512	2728
1512	2732
1512	2734
1512	2736
1512	2739
1512	2741
1512	2744
1512	2746
1512	2748
1512	2751
1511	2753
1511	2756
1511	2758
1511	2760
1511	2763
1511	2765
1511	2768
1511	2770
1511	2772
1510	2776
1510	2778
1510	2781
1510	2783
1510	2785
1510	2788
1511	2790
1510	2793
1510	2795
1510	2797
1510	2800
1510	2802
1510	2804
1510	2807
1510	2809
1510	2812
1510	2814
1510	2817
1510	2820
1510	2822
1510	2825
1510	2827
1510	2829
1510	2832
1510	2834
1510	2837
1510	2839
1510	2841
1510	2844
1510	2846
1509	2849
1509	2851
1509	2853
1509	2856
1509	2859
1509	2862
1509	2864
1509	2866
1509	2869
1509	2871
1509	2874
1509	2876
1508	2878
1508	2881
1508	2883
1509	2885
1508	2888
1508	2890
1508	2893
1508	2895
1508	2897
1508	2900
1509	2903
1509	2906
1509	2908
1509	2910
1509	2913
1509	2915
1508	2918
1508	2920
1508	2922
1508	2925
1507	2927
1507	2930
1507	2932
1507	2934
1506	2937
1506	2939
1506	2942
1506	2945
1505	2947
1505	2950
1504	2952
1504	2955
1503	2957
1502	2959
1502	2962
1502	2964
1502	2967
1502	2969
1502	2971
1501	2974
1500	2976
1498	2978
1497	2981
1497	2983
1498	2987
1499	2989
1500	2991
1499	2994
1498	2996
1498	2999
1497	3001
1497	3003
1496	3006
1496	3008
1497	3011
1499	3013
1501	3015
1502	3018
1503	3020
1505	3023
1505	3025
1505	3027
1505	3031
1505	3033
1505	3036
1506	3038
1507	3040
1508	3043
1509	3045
1509	3048
1509	3050
1510	3052
1510	3055
1510	3057
1510	3059
1511	3062
1511	3064
1512	3067
1511	3069
1509	3072
1504	3075
1500	3077
1497	3080
1496	3082
1498	3084
1501	3087
1504	3089
1505	3092
1506	3094
1506	3096
1506	3099
1506	3101
1507	3104
1508	3106
1508	3108
1509	3111
1509	3113
1509	3117
1510	3119
1510	3121
1510	3124
1509	3126
1508	3129
1507	3131
1507	3133
1508	3136
1508	3138
1507	3140
1506	3143
1505	3145
1504	3148
1503	3150
1502	3152
1501	3155
1502	3158
1503	3161
1505	3163
1506	3165
1506	3168
1507	3170
1507	3173
1505	3175
1503	3177
1501	3180
1502	3182
1503	3185
1504	3187
1505	3189
1506	3192
1507	3194
1508	3197
1507	3200
1506	3202
1505	3205
1503	3207
1503	3210
1503	3212
1505	3214
1506	3217
1506	3219
1504	3221
1498	3224
1492	3226
1488	3229
1487	3231
1490	3233
1494	3236
1497	3238
1499	3241
1500	3244
1502	3246
1504	3249
1507	3251
1508	3254
1508	3256
1508	3258
1506	3261
1504	3263
1504	3266
1506	3268
1509	3270
1512	3273
1514	3275
1514	3278
1512	3280
1511	3282
1510	3286
1511	3288
1513	3291
1515	3293
1516	3295
1516	3298
1515	3300
1512	3302
1511	3305
1510	3307
1511	3310
1510	3312
1511	3314
1513	3317
1513	3319
1510	3322
1503	3324
1501	3326
1503	3330
1505	3332
1506	3335
1505	3337
1505	3339
1506	3342
1510	3344
1515	3347
1516	3349
1510	3351
1500	3354
1494	3356
1494	3359
1499	3361
1507	3363
1514	3366
1519	3368
1524	3372
1527	3374
1529	3376
1530	3379
1530	3381
1531	3383
1531	3386
1530	3388
1533	3391
1537	3393
1539	3395
1539	3398
1538	3400
1536	3403
1536	3405
1533	3407
1530	3410
1528	3412
1528	3416
1526	3418
1525	3420
1524	3423
1525	3425
1525	3428
1521	3430
1516	3432
1508	3435
1502	3437
1500	3440
1500	3442
1501	3444
1505	3447
1509	3449
1513	3452
1513	3454
1507	3457
1502	3460
1498	3462
1500	3464
1504	3467
1507	3469
1506	3472
1504	3474
1503	3476
1505	3479
1508	3481
1510	3484
1510	3486
1508	3488
1509	3491
1512	3493
1515	3496
1518	3499
1515	3501
1512	3504
1511	3506
1509	3509
1502	3511
1495	3513
1489	3516
1491	3518
1495	3521
1498	3523
1502	3525
1507	3528
1510	3530
1512	3533
1512	3535
1510	3537
1510	3540
1512	3543
1512	3545
1506	3548
1501	3550
1495	3553
1493	3555
1496	3557
1499	3560
1505	3562
1509	3565
1509	3567
1504	3569
1495	3572
1491	3574
1494	3577
1497	3579
1498	3581
1498	3585
1499	3587
1503	3590
1507	3592
1508	3594
1507	3597
1506	3599
1505	3602
1506	3604
1511	3606
1517	3609
1523	3611
1526	3613
1528	3616
1529	3618
1528	3621
1528	3623
1527	3625
1522	3629
1518	3631
1517	3634
1515	3636
1513	3638
1511	3641
1503	3643
1496	3646
1490	3648
1491	3650
1493	3653
1492	3655
1489	3658
1484	3660
1482	3662
1485	3665
1486	3667
1480	3671
1468	3673
1458	3675
1451	3678
1445	3680
1437	3683
1438	3685
1444	3687
1462	3690
1478	3692
1493	3695
1498	3697
1501	3699
1503	3702
1502	3704
1502	3706
1509	3709
1519	3712
1525	3715
1528	3717
1530	3719
1532	3722
1533	3724
1534	3727
1532	3729
1518	3731
1503	3734
1490	3736
1492	3739
1501	3741
1512	3743
1520	3746
1525	3748
1524	3751
1523	3753
1519	3756
1493	3759
1469	3761
1449	3764
1454	3766
1462	3768
1476	3771
1492	3773
1507	3776
1516	3778
1523	3780
1526	3783
1530	3785
1531	3787
1532	3790
1532	3792
1526	3795
1514	3798
1496	3800
1492	3803
1503	3805
1518	3808
1526	3810
1528	3812
1529	3815
1527	3817
1519	3820
1508	3822
1503	3824
1499	3827
1502	3829
1501	3832
1500	3834
1505	3836
1506	3840
1489	3842
1462	3845
1451	3847
1460	3849
1473	3852
1487	3854
1500	3857
1517	3859
1529	3861
1541	3864
1545	3866
1544	3868
1540	3871
1532	3873
1522	3876
1523	3878
1534	3880
1541	3884
1542	3886
1537	3889
1527	3891
1523	3893
1516	3896
1505	3898
1489	3901
1479	3903
1471	3905
1468	3908
1480	3910
1496	3913
1509	3915
1526	3917
1542	3920
1551	3922
1555	3926
1560	3928
1558	3930
1548	3933
1545	3935
1541	3938
1536	3940
1534	3942
1527	3945
1511	3947
1496	3950
1494	3952
1506	3954
1525	3957
1539	3959
1544	3961
1547	3964
1545	3966
1544	3970
1537	3972
1505	3974
1476	3977
1471	3979
1477	3982
1476	3984
1462	3986
1447	3989
1439	3991
1439	3994
1446	3996
1456	3998
1471	4001
1487	4003
1501	4006
1518	4008
1532	4011
1538	4014
1538	4016
1539	4019
1526	4021
1494	4023
1475	4026
1483	4028
1508	4031
1525	4033
1536	4035
1537	4038
1537	4040
1527	4042
1519	4045
1521	4047
1524	4050
1521	4052
1509	4055
1501	4058
1496	4060
1498	4063
1502	4065
1493	4067
1486	4070
1482	4072
1489	4075
1508	4077
1516	4079
1523	4082
1531	4084
1538	4087
1548	4089
1559	4091
1569	4094
1566	4097
1557	4100
1551	4102
1554	4104
1556	4107
1548	4109
1541	4112
1536	4114
1518	4116
1494	4119
1483	4121
1471	4123
1467	4126
1476	4128
1497	4131
1513	4133
1522	4135
1523	4139
1528	4141
1517	4144
1492	4146
1491	4148
1511	4151
1517	4153
1512	4156
1489	4158
1479	4160
1488	4163
1513	4165
1528	4168
1535	4170
1525	4172
1507	4175
1507	4177
1521	4180
1538	4183
1537	4185
1531	4188
1523	4190
1517	4193
1518	4195
1518	4197
1524	4200
1543	4202
1559	4205
1564	4207
1562	4209
1545	4212
1537	4214
1532	4216
1524	4219
1520	4221
1511	4225
1502	4227
1472	4229
1457	4232
1465	4234
1490	4237
1509	4239
1522	4241
1533	4244
1552	4246
1564	4249
1567	4251
1560	4253
1542	4256
1523	4258
1520	4261
1523	4263
1525	4265
1529	4269
1529	4271
1526	4274
1531	4276
1544	4278
1548	4281
1534	4283
1513	4285
1508	4288
1514	4290
1518	4293
1509	4295
1503	4297
1512	4300
1530	4302
1540	4305
1531	4307
1501	4310
1488	4313
1502	4315
1513	4318
1503	4320
1491	4322
1498	4325
1505	4327
1522	4330
1531	4332
1541	4334
1555	4337
1567	4339
1568	4342
1565	4344
1561	4346
1547	4349
1502	4352
1488	4355
1505	4357
1534	4359
1546	4362
1549	4364
1538	4366
1527	4369
1506	4371
1481	4374
1493	4376
1503	4378
1486	4381
1464	4383
1478	4386
1506	4388
1517	4390
1517	4393
1519	4396
1511	4399
1493	4401
1504	4403
1508	4406
1508	4408
1525	4411
1560	4413
1583	4415
1586	4418
1586	4420
1588	4423
1589	4425
1582	4427
1577	4430
1582	4432
1582	4435
1559	4438
1533	4440
1515	4443
1506	4445
1514	4447
1523	4450
1540	4452
1553	4455
1569	4457
1571	4459
1561	4462
1520	4464
1489	4467
1478	4469
1496	4471
1516	4474
1527	4476
1529	4480
1538	4482
1554	4484
1562	4487
1569	4489
1576	4492
1579	4494
1578	4496
1576	4499
1571	4501
1568	4504
1567	4506
1567	4508
1565	4511
1556	4513
1543	4516
1541	4518
1524	4520
1500	4524
1490	4526
1454	4528
1443	4531
1474	4533
1502	4536
1520	4538
1533	4540
1545	4543
1541	4545
1535	4548
1501	4550
1479	4552
1484	4555
1513	4557
1529	4560
1535	4562
1545	4564
1545	4568
1545	4570
1547	4573
1544	4575
1544	4577
1546	4580
1546	4582
1544	4585
1539	4587
1531	4589
1513	4592
1510	4594
1514	4597
1519	4599
1515	4601
1508	4604
1516	4606
1524	4609
1529	4612
1526	4614
1520	4617
1524	4619
1524	4621
1506	4624
1486	4626
1486	4629
1504	4631
1522	4633
1532	4636
1539	4638
1547	4641
1553	4643
1558	4645
1529	4648
1513	4651
1521	4654
1532	4656
1545	4658
1542	4661
1529	4663
1522	4666
1521	4668
1530	4670
1540	4673
1545	4675
1548	4678
1529	4680
1514	4682
1519	4685
1524	4687
1517	4690
1519	4692
1531	4695
1527	4698
1509	4700
1491	4702
1504	4705
1521	4707
1528	4710
1512	4712
1488	4714
1477	4717
1486	4719
1502	4722
1524	4724
1545	4726
1561	4729
1559	4731
1547	4734
1545	4737
1548	4739
1549	4742
1556	4744
1563	4747
1568	4749
1568	4751
1568	4754
1568	4756
1566	4759
1552	4761
1525	4763
1513	4766
1520	4768
1523	4771
1520	4773
1508	4775
1505	4779
1519	4781
1508	4783
1491	4786
1502	4788
1525	4791
1519	4793
1488	4795
1475	4798
1484	4800
1503	4803
1518	4805
1508	4807
1503	4810
1509	4812
1512	4815
1507	4817
1510	4819
1513	4823
1511	4825
1516	4828
1526	4830
1532	4832
1527	4835
1520	4837
1513	4840
1487	4842
1466	4844
1467	4847
1489	4849
1506	4852
1500	4854
1480	4856
1474	4859
1473	4861
1481	4864
1465	4867
1433	4869
1425	4872
1440	4874
1451	4876
1445	4879
1459	4881
1477	4884
1499	4886
1509	4888
1514	4891
1518	4893
1512	4896
1489	4898
1462	4900
1456	4903
1469	4905
1485	4909
1487	4911
1476	4913
1472	4916
1483	4918
1496	4921
1502	4923
1489	4925
1484	4928
1473	4930
1470	4933
1481	4935
1487	4937
1488	4940
1480	4942
1426	4944
1394	4947
1400	4950
1443	4953
1471	4955
1489	4957
1497	4960
1494	4962
1475	4965
1441	4967
1443	4969
1452	4972
1458	4974
1465	4977
1479	4979
1500	4981
1513	4984
1516	4986
1513	4989
1508	4992
1502	4994
1504	4997
1510	4999
1513	5002
1509	5004
1505	5006
1499	5009
1485	5011
1463	5014
1423	5016
1417	5018
1435	5021
1457	5023
1467	5025
1476	5028
1489	5030
1502	5033
1511	5036
1515	5038
1511	5041
1503	5043
1493	5046
1494	5048
1498	5050
1484	5053
1474	5055
1473	5058
1476	5060
1476	5062
1479	5065
1491	5067
1498	5070
1498	5072
1493	5074
1493	5078
1504	5080
1505	5083
1498	5085
1475	5087
1474	5090
1491	5092
1498	5095
1472	5097
1470	5099
1490	5102
1515	5104
1509	5106
1463	5109
1455	5111
1482	5114
1497	5116
1494	5118
1494	5122
1495	5124
1504	5127
1507	5129
1503	5131
1502	5134
1514	5136
1521	5139
1530	5141
1535	5143
1522	5146
1507	5148
1484	5151
1493	5153
1507	5155
1514	5158
1477	5160
1425	5164
1425	5166
1466	5168
1503	5171
1508	5173
1510	5176
1522	5178
1530	5180
1518	5183
1517	5185
1517	5187
1514	5190
1526	5192
1555	5195
1567	5197
1567	5199
1570	5202
1573	5204
1573	5208
1569	5210
1562	5212
1540	5215
1512	5217
1504	5220
1511	5222
1497	5224
1466	5227
1468	5229
1487	5232
1509	5234
1517	5236
1512	5239
1485	5241
1472	5244
1475	5246
1493	5249
1492	5252
1488	5254
1497	5257
1499	5259
1505	5261
1503	5264
1502	5266
1509	5268
1525	5271
1524	5273
1512	5276
1505	5278
1511	5280
1522	5283
1532	5285
1522	5288
1483	5291
1474	5293
1491	5296
1518	5298
1532	5301
1538	5303
1518	5305
1499	5308
1480	5310
1490	5313
1514	5315
1498	5317
1483	5320
1484	5322
1495	5325
1500	5327
1486	5329
1467	5332
1475	5335
1502	5338
1519	5340
1523	5342
1533	5345
1547	5347
1553	5349
1550	5352
1553	5354
1555	5357
1557	5359
1560	5361
1553	5364
1538	5366
1522	5369
1528	5371
1519	5373
1512	5377
1506	5379
1493	5382
1491	5384
1510	5386
1531	5389
1535	5391
1534	5394
1534	5396
1529	5398
1471	5401
1445	5403
1459	5406
1489	5408
1481	5410
1455	5413
1469	5415
1504	5419
1524	5421
1531	5423
1523	5426
1519	5428
1522	5430
1502	5433
1470	5435
1470	5438
1483	5440
1503	5442
1516	5445
1522	5447
1524	5450
1524	5452
1519	5454
1503	5457
1473	5459
1473	5463
1475	5465
1478	5467
1468	5470
1463	5472
1468	5475
1482	5477
1497	5479
1477	5482
1469	5484
1465	5487
1476	5489
1475	5491
1471	5494
1483	5496
1506	5499
1524	5501
1529	5504
1519	5507
1499	5509
1488	5511
1492	5514
1504	5516
1478	5519
1452	5521
1463	5523
1490	5526
1498	5528
1506	5531
1522	5533
1525	5535
1515	5538
1517	5540
1511	5543
1511	5545
1512	5548
1498	5551
1481	5553
1488	5556
1502	5558
1513	5560
1519	5563
1500	5565
1480	5568
1484	5570
1505	5572
1508	5575
1495	5577
1499	5580
1517	5582
1528	5584
1519	5587
1504	5590
1509	5592
1522	5595
1539	5597
1541	5600
1536	5602
1526	5604
1509	5607
1513	5609
1526	5612
1514	5614
1493	5616
1483	5619
1488	5621
1489	5624
1464	5626
1473	5628
1500	5632
1524	5634
1529	5637
1533	5639
1508	5641
1497	5644
1485	5646
1493	5649
1523	5651
1534	5653
1522	5656
1517	5658
1522	5661
1530	5663
1510	5665
1507	5668
1519	5670
1525	5672
1522	5676
1507	5678
1485	5681
1498	5683
1507	5685
1506	5688
1518	5690
1517	5693
1476	5695
1462	5697
1497	5700
1515	5702
1522	5705
1538	5707
1554	5709
1549	5712
1528	5714
1517	5718
1521	5720
1518	5722
1511	5725
1505	5727
1514	5730
1522	5732
1528	5734
1510	5737
1497	5739
1489	5742
1501	5744
1517	5746
1531	5749
1512	5751
1500	5753
1513	5756
1529	5758
1548	5762
1534	5764
1516	5766
1521	5769
1527	5771
1531	5774
1536	5776
1521	5778
1488	5781
1447	5783
1445	5786
1472	5788
1499	5790
1521	5793
1536	5795
1535	5798
1533	5800
1537	5803
1529	5806
1503	5808
1483	5811
1485	5813
1491	5815
1481	5818
1481	5820
1501	5823
1533	5825
1545	5827
1544	5830
1530	5832
1502	5834
1501	5837
1508	5839
1504	5842
1509	5844
1513	5847
1520	5850
1531	5852
1541	5855
1516	5857
1496	5859
1496	5862
1524	5864
1530	5867
1522	5869
1488	5871
1478	5874
1489	5876
1506	5879
1526	5881
1531	5883
1516	5886
1510	5889
1500	5892
1481	5894
1502	5896
1516	5899
1508	5901
1521	5904
1538	5906
1541	5908
1540	5911
1520	5913
1504	5916
1522	5918
1541	5920
1550	5923
1551	5925
1531	5927
1503	5931
1492	5933
1492	5936
1502	5938
1521	5940
1525	5943
1516	5945
1502	5948
1493	5950
1510	5952
1523	5955
1519	5957
1528	5960
1541	5962
1544	5964
1549	5967
1556	5969
1557	5972
1508	5975
1454	5977
1451	5980
1499	5982
1532	5985
1544	5987
1544	5989
1540	5992
1546	5994
1552	5997
1531	5999
1514	6001
1500	6004
1465	6006
1475	6008
1509	6011
1503	6013
1502	6017
1533	6019
1554	6021
1553	6024
1542	6026
1524	6029
1517	6031
1490	6033
1464	6036
1467	6038
1483	6041
1519	6043
1547	6045
1549	6048
1551	6050
1555	6053
1547	6055
1540	6057
1549	6061
1560	6063
1551	6066
1517	6068
1497	6070
1494	6073
1510	6075
1515	6078
1520	6080
1529	6082
1537	6085
1539	6087
1496	6089
1495	6092
1522	6094
1515	6097
1495	6099
1503	6102
1518	6105
1530	6107
1528	6110
1513	6112
1512	6114
1494	6117
1487	6119
1502	6122
1529	6124
1559	6126
1568	6129
1572	6131
1574	6134
1570	6136
1568	6138
1558	6141
1516	6144
1500	6147
1515	6149
1512	6151
1518	6154
1535	6156
1544	6159
1546	6161
1513	6163
1475	6166
1482	6168
1515	6170
1541	6173
1556	6175
1546	6178
1518	6180
1501	6182
1494	6185
1499	6188
1503	6191
1482	6193
1479	6195
1504	6198
1537	6200
1551	6203
1555	6205
1538	6207
1476	6210
1461	6212
1489	6215
1527	6217
1548	6219
1558	6222
1556	6224
1531	6227
1486	6230
1464	6232
1481	6235
1518	6237
1523	6240
1491	6242
1481	6244
1516	6247
1546	6249
1554	6251
1560	6254
1556	6256
1545	6259
1523	6261
1498	6263
1473	6266
1464	6268
1478	6272
1501	6274
1515	6276
1509	6279
1497	6281
1505	6284
1521	6286
1532	6288
1541	6291
1532	6293
1514	6296
1513	6298
1523	6300
1528	6303
1513	6305
1461	6308
1438	6310
1457	6312
1474	6316
1481	6318
1490	6321
1504	6323
1522	6325
1537	6328
1527	6330
1505	6332
1486	6335
1485	6337
1488	6340
1501	6342
1521	6344
1514	6347
1471	6349
1442	6352
1455	6354
1492	6356
1525	6360
1521	6362
1496	6365
1499	6367
1503	6369
1506	6372
1517	6374
1520	6377
1498	6379
1469	6381
1483	6384
1506	6386
1512	6389
1523	6391
1534	6393
1542	6396
1542	6398
1508	6402
1457	6404
1458	6406
1496	6409
1516	6411
1518	6414
1522	6416
1497	6418
1495	6421
1512	6423
1516	6425
1517	6428
1527	6430
1540	6433
1528	6435
1492	6437
1481	6440
1489	6443
1503	6446
1511	6448
1516	6450
1524	6453
1537	6455
1548	6458
1540	6460
1516	6462
1491	6465
1485	6467
1465	6470
1483	6472
1520	6474
1549	6477
1542	6479
1530	6482
1531	6484
1546	6487
1552	6490
1544	6492
1528	6495
1517	6497
1482	6499
1471	6502
1497	6504
1501	6506
1473	6509
1482	6511
1501	6514
1512	6516
1528	6518
1535	6521
1482	6523
1433	6526
1422	6529
1471	6531
1504	6534
1534	6536
1546	6539
1540	6541
1538	6543
1534	6546
1523	6548
1509	6551
1500	6553
1482	6555
1467	6558
1473	6560
1487	6563
1505	6565
1505	6567
1506	6571
1523	6573
1531	6576
1538	6578
1543	6580
1541	6583
1527	6585
1502	6587
1464	6590
1452	6592
1484	6595
1501	6597
1511	6599
1515	6602
1519	6604
1520	6607
1516	6609
1481	6611
1465	6615
1478	6617
1493	6620
1498	6622
1515	6624
1524	6627
1531	6629
1538	6632
1539	6634
1509	6636
1463	6639
1445	6641
1453	6644
1462	6646
1469	6648
1485	6651
1508	6653
1531	6657
1537	6659
1539	6661
1531	6664
1518	6666
1501	6669
1481	6671
1482	6673
1511	6676
1526	6678
1486	6680
1443	6683
1473	6685
1509	6688
1525	6690
1526	6692
1516	6695
1514	6697
1522	6701
1537	6703
1544	6705
1545	6708
1536	6710
1517	6713
1474	6715
1465	6717
1486	6720
1490	6722
1461	6725
1449	6727
1455	6729
1476	6732
1475	6734
1455	6737
1466	6739
1506	6742
1530	6745
1540	6747
1546	6750
1550	6752
1551	6754
1541	6757
1484	6759
1468	6761
1485	6764
1500	6766
1516	6769
1527	6771
1538	6773
1531	6776
1528	6778
1519	6781
1500	6784
1494	6786
1484	6789
1474	6791
1484	6794
1494	6796
1507	6798
1522	6801
1533	6803
1546	6806
1550	6808
1542	6810
1516	6813
1512	6815
1518	6818
1506	6820
1471	6822
1473	6825
1477	6828
1492	6831
1490	6833
1467	6835
1469	6838
1495	6840
1516	6842
1528	6845
1535	6847
1523	6850
1481	6852
1471	6854
1499	6857
1522	6859
1520	6862
1520	6864
1524	6866
1492	6870
1473	6872
1486	6875
1506	6877
1517	6879
1534	6882
1529	6884
1524	6887
1533	6889
1545	6891
1529	6894
1503	6896
1498	6899
1516	6901
1530	6903
1518	6906
1507	6908
1513	6912
1507	6914
1493	6916
1487	6919
1502	6921
1525	6923
1531	6926
1504	6928
1491	6931
1526	6933
1547	6935
1553	6938
1520	6940
1488	6943
1482	6945
1500	6947
1522	6950
1523	6952
1525	6956
1529	6958
1513	6960
1493	6963
1495	6965
1517	6968
1521	6970
1513	6972
1516	6975
1525	6977
1534	6980
1528	6982
1498	6984
1474	6987
1488	6989
1505	6992
1522	6994
1530	6996
1517	7000
1499	7002
1516	7004
1531	7007
1529	7009
1510	7012
1440	7014
1405	7016
1438	7019
1501	7021
1541	7024
1549	7026
1540	7028
1528	7031
1533	7033
1541	7036
1547	7038
1529	7041
1516	7044
1513	7046
1518	7049
1527	7051
1495	7053
1474	7056
1467	7058
1473	7061
1480	7063
1485	7065
1493	7068
1512	7070
1510	7073
1494	7075
1508	7077
1516	7080
1507	7083
1481	7085
1483	7088
1505	7090
1493	7093
1464	7095
1480	7097
1505	7100
1523	7102
1532	7105
1545	7107
1541	7109
1537	7112
1545	7114
1545	7117
1513	7119
1483	7121
1489	7124
1487	7127
1496	7130
1495	7132
1488	7134
1486	7137
1508	7139
1530	7142
1549	7144
1551	7146
1517	7149
1497	7151
1508	7154
1515	7156
1496	7158
1489	7161
1507	7163
1509	7166
1480	7169
1481	7171
1496	7174
1524	7176
1547	7178
1558	7181
1563	7183
1568	7186
1558	7188
1518	7190
1495	7193
1491	7195
1498	7198
1493	7200
1485	7202
1474	7205
1494	7207
1518	7211
1540	7213
1534	7215
1500	7218
1487	7220
1496	7223
1523	7225
1533	7227
1532	7230
1519	7232
1503	7235
1489	7237
1489	7239
1480	7242
1487	7244
1508	7247
1534	7249
1549	7251
1541	7255
1526	7257
1518	7259
1526	7262
1535	7264
1537	7267
1524	7269
1523	7271
1508	7274
1466	7276
1461	7279
1499	7281
1522	7283
1523	7286
1525	7288
1526	7291
1519	7293
1494	7296
1460	7299
1473	7301
1507	7304
1532	7306
1527	7308
1510	7311
1496	7313
1511	7316
1533	7318
1545	7320
1529	7323
1452	7325
1426	7328
1435	7330
1477	7332
1523	7335
1540	7337
1540	7341
1540	7343
1537	7345
1532	7348
1516	7350
1495	7352
1461	7355
1460	7357
1464	7360
1484	7362
1510	7364
1537	7367
1547	7369
1533	7372
1531	7374
1544	7376
1553	7379
1556	7382
1551	7385
1509	7387
1463	7389
1468	7392
1491	7394
1483	7397
1466	7399
1466	7401
1476	7404
1508	7406
1540	7409
1546	7411
1531	7413
1531	7416
1543	7418
1538	7421
1509	7424
1505	7426
1518	7429
1526	7431
1522	7433
1520	7436
1519	7438
1521	7441
1526	7443
1531	7445
1516	7448
1471	7450
1448	7453
1464	7455
1496	7457
1530	7460
1548	7462
1547	7465
1534	7468
1533	7470
1530	7473
1511	7475
1487	7478
1484	7480
1482	7482
1481	7485
1468	7487
1479	7490
1509	7492
1516	7494
1517	7497
1516	7499
1513	7502
1512	7504
1526	7506
1547	7510
1557	7512
1567	7515
1571	7517
1542	7519
1522	7522
1502	7524
1479	7526
1464	7529
1476	7531
1499	7534
1518	7536
1525	7538
1522	7541
1529	7543
1544	7546
1541	7548
1505	7550
1471	7554
1464	7556
1473	7559
1495	7561
1504	7563
1492	7566
1498	7568
1506	7571
1505	7573
1507	7575
1513	7578
1496	7580
1501	7583
1507	7585
1476	7587
1478	7590
1516	7592
1545	7596
1566	7598
1562	7600
1545	7603
1538	7605
1537	7608
1523	7610
1521	7612
1537	7615
1550	7617
1541	7619
1512	7622
1490	7624
1488	7627
1506	7629
1524	7631
1542	7634
1541	7636
1515	7640
1470	7642
1467	7644
1478	7647
1493	7649
1513	7652
1514	7654
1507	7656
1507	7659
1483	7661
1466	7664
1483	7666
1503	7668
1525	7671
1539	7673
1539	7676
1508	7678
1494	7681
1516	7684
1534	7686
1534	7688
1526	7691
1524	7693
1529	7696
1536	7698
1488	7700
1468	7703
1492	7705
1527	7708
1545	7710
1551	7712
1535	7715
1504	7717
1505	7720
1516	7723
1507	7725
1498	7728
1505	7730
1512	7733
1508	7735
1462	7737
1451	7740
1478	7742
1510	7745
1509	7747
1512	7749
1522	7752
1535	7754
1545	7757
1540	7759
1512	7761
1502	7764
1514	7767
1537	7770
1534	7772
1502	7774
1490	7777
1502	7779
1521	7781
1507	7784
1482	7786
1463	7789
1477	7791
1500	7793
1514	7796
1525	7798
1524	7801
1521	7803
1526	7805
1498	7809
1470	7811
1476	7814
1491	7816
1489	7818
1499	7821
1516	7823
1501	7826
1479	7828
1483	7830
1502	7833
1523	7835
1540	7838
1548	7840
1548	7842
1528	7845
1520	7847
1527	7849
1518	7853
1506	7855
1505	7858
1491	7860
1477	7862
1489	7865
1501	7867
1506	7870
1511	7872
1519	7874
1523	7877
1531	7879
1542	7882
1537	7884
1528	7886
1500	7889
1459	7891
1428	7895
1431	7897
1468	7899
1507	7902
1517	7904
1525	7907
1532	7909
1541	7911
1549	7914
1554	7916
1547	7919
1532	7921
1508	7923
1476	7926
1486	7928
1507	7931
1528	7933
1534	7936
1514	7939
1477	7941
1454	7943
1469	7946
1500	7948
1516	7951
1529	7953
1534	7955
1534	7958
1527	7960
1528	7963
1538	7965
1542	7967
1534	7970
1504	7972
1481	7975
1473	7977
1463	7980
1483	7983
1518	7985
1524	7988
1496	7990
1480	7992
1500	7995
1524	7997
1547	8000
1557	8002
1558	8004
1559	8007
1537	8009
1504	8012
1499	8014
1493	8016
1491	8019
1486	8022
1474	8025
1471	8027
1486	8029
1516	8032
1535	8034
1551	8036
1554	8039
1543	8041
1519	8044
1492	8046
1485	8048
1488	8051
1482	8053
1502	8056
1520	8058
1517	8060
1522	8064
1533	8066
1519	8069
1488	8071
1479	8073
1508	8076
1532	8078
1546	8081
1546	8083
1539	8085
1537	8088
1543	8090
1540	8093
1525	8095
1523	8097
1522	8100
1512	8102
1492	8104
1459	8108
1461	8110
1490	8113
1513	8115
1514	8117
1499	8120
1497	8122
1502	8125
1521	8127
1538	8129
1543	8132
1541	8134
1539	8137
1518	8139
1458	8141
1424	8144
1458	8146
1508	8150
1529	8152
1545	8154
1556	8157
1563	8159
1563	8162
1551	8164
1546	8166
1550	8169
1549	8171
1527	8174
1512	8176
1505	8178
1516	8181
1504	8183
1492	8185
1502	8188
1524	8190
1535	8194
1540	8196
1548	8198
1560	8201
1531	8203
1477	8206
1443	8208
1465	8210
1501	8213
1511	8215
1508	8218
1518	8220
1532	8222
1522	8225
1513	8227
1529	8230
1546	8232
1560	8235
1537	8238
1525	8240
1529	8243
1551	8245
1560	8247
1567	8250
1565	8252
1535	8255
1514	8257
1511	8259
1512	8262
1477	8264
1464	8267
1482	8269
1512	8271
1522	8274
1533	8276
1537	8279
1525	8282
1520	8284
1501	8287
1486	8289
1495	8291
1522	8294
1535	8296
1498	8299
1467	8301
1489	8303
1523	8306
1550	8308
1541	8311
1516	8313
1513	8315
1513	8318
1491	8321
1489	8324
1506	8326
1531	8328
1544	8331
1542	8333
1545	8336
1559	8338
1570	8340
1565	8343
1534	8345
1476	8348
1477	8350
1507	8352
1543	8355
1517	8357
1465	8360
1465	8363
1510	8365
1545	8368
1547	8370
1524	8372
1518	8375
1539	8377
1535	8380
1503	8382
1497	8384
1516	8387
1526	8389
1515	8392
1508	8394
1503	8396
1501	8399
1513	8401
1542	8404
1541	8407
1524	8409
1518	8412
1532	8414
1549	8417
1532	8419
1465	8421
1453	8424
1485	8426
1528	8429
1549	8431
1553	8433
1535	8436
1523	8438
1531	8440
1534	8443
1530	8445
1518	8449
1515	8451
1519	8453
1519	8456
1500	8458
1507	8461
1526	8463
1544	8465
1538	8468
1512	8470
1480	8473
1487	8475
1520	8477
1543	8480
1516	8482
1482	8485
1503	8487
1538	8489
1565	8493
1573	8495
1565	8498
1542	8500
1524	8502
1518	8505
1506	8507
1504	8510
1520	8512
1539	8514
1547	8517
1530	8519
1494	8521
1494	8524
1519	8526
1529	8529
1532	8531
1536	8534
1511	8537
1487	8539
1508	8542
1523	8544
1480	8546
1443	8549
1480	8551
1520	8554
1553	8556
1567	8558
1569	8561
1570	8563
1574	8566
1580	8568
1580	8570
1558	8573
1536	8576
1484	8579
1457	8581
1482	8583
1529	8586
1549	8588
1561	8591
1566	8593
1571	8595
1572	8598
1571	8600
1535	8602
1486	8605
1478	8607
1482	8610
1498	8612
1521	8614
1534	8617
1541	8620
1530	8623
1505	8625
1455	8627
1441	8630
1490	8632
1530	8635
1561	8637
1568	8639
1553	8642
1544	8644
1545	8647
1538	8649
1504	8651
1480	8654
1478	8656
1513	8659
1541	8662
1559	8664
1525	8667
1485	8669
1473	8672
1495	8674
1526	8676
1532	8679
1525	8681
1515	8683
1516	8686
1526	8688
1541	8691
1477	8693
1442	8695
1468	8698
1513	8700
1539	8704
1547	8706
1517	8708
1491	8711
1504	8713
1524	8716
1521	8718
1527	8720
1526	8723
1506	8725
1459	8728
1455	8730
1489	8732
1527	8735
1566	8737
1578	8740
1583	8742
1582	8744
1577	8748
1569	8750
1550	8753
1534	8755
1516	8757
1518	8760
1523	8762
1488	8764
1462	8767
1478	8769
1514	8772
1556	8774
1572	8776
1568	8779
1568	8781
1564	8784
1533	8786
1515	8788
1527	8792
1558	8794
1549	8797
1511	8799
1483	8801
1500	8804
1521	8806
1520	8809
1520	8811
1540	8813
1557	8816
1557	8818
1555	8821
1566	8823
1576	8825
1575	8828
1571	8830
1552	8834
1523	8836
1490	8838
1478	8841
1472	8843
1482	8846
1516	8848
1540	8850
1543	8853
1535	8855
1497	8858
1461	8860
1456	8862
1489	8865
1528	8867
1542	8869
1526	8872
1500	8875
1507	8878
1520	8880
1529	8882
1527	8885
1524	8887
1509	8890
1485	8892
1493	8894
1521	8897
1536	8899
1541	8902
1515	8904
1507	8906
1521	8909
1546	8911
1560	8914
1548	8916
1515	8919
1490	8922
1497	8924
1499	8927
1499	8929
1499	8931
1492	8934
1504	8936
1528	8938
1546	8941
1548	8943
1500	8946
1449	8948
1462	8950
1514	8953
1540	8955
1534	8958
1513	8961
1496	8963
1490	8966
1513	8968
1513	8971
1502	8973
1508	8975
1514	8978
1517	8980
1528	8983
1549	8985
1552	8987
1526	8990
1512	8992
1520	8995
1536	8997
1545	8999
1543	9003
1513	9005
1474	9008
1469	9010
1500	9012
1519	9015
1502	9017
1477	9020
1467	9022
1489	9024
1504	9027
1506	9029
1485	9031
1464	9034
1477	9036
1495	9039
1502	9041
1501	9043
1478	9047
1472	9049
1500	9052
1533	9054
1550	9056
1561	9059
1552	9061
1535	9064
1532	9066
1547	9068
1522	9071
1481	9073
1442	9076
1462	9078
1505	9080
1522	9083
1535	9085
1552	9089
1558	9091
1538	9093
1518	9096
1517	9098
1485	9101
1421	9103
1432	9105
1497	9108
1539	9110
1562	9112
1546	9115
1538	9117
1543	9120
1553	9122
1545	9124
1535	9127
1510	9129
1501	9133
1524	9135
1538	9137
1525	9140
1485	9142
1490	9145
1515	9147
1551	9149
1555	9152
1541	9154
1532	9157
1524	9159
1530	9161
1542	9164
1540	9166
1495	9169
1469	9171
1473	9174
1497	9177
1516	9179
1513	9182
1515	9184
1527	9186
1535	9189
1523	9191
1518	9193
1536	9196
1553	9198
1552	9201
1526	9203
1502	9205
1471	9208
1442	9210
1450	9213
1498	9216
1525	9218
1535	9221
1551	9223
1561	9226
1561	9228
1553	9230
1523	9233
1503	9235
1511	9238
1541	9240
1517	9242
1473	9245
1464	9247
1490	9250
1524	9252
1535	9254
1496	9257
1483	9260
1505	9263
1525	9265
1521	9267
1480	9270
1471	9272
1489	9274
1510	9277
1507	9279
1506	9282
1507	9284
1498	9286
1487	9289
1484	9291
1496	9294
1513	9296
1482	9298
1460	9302
1473	9304
1520	9307
1540	9309
1545	9311
1554	9314
1546	9316
1528	9319
1524	9321
1530	9323
1513	9326
1505	9328
1517	9331
1545	9333
1559	9335
1544	9338
1516	9340
1515	9344
1511	9346
1495	9348
1477	9351
1479	9353
1504	9356
1525	9358
1542	9360
1527	9363
1504	9365
1475	9367
1473	9370
1495	9372
1503	9375
1491	9377
1494	9379
1493	9382
1491	9384
1504	9388
1529	9390
1542	9392
1523	9395
1500	9397
1511	9400
1531	9402
1540	9404
1538	9407
1520	9409
1510	9412
1523	9414
1538	9416
1535	9419
1531	9421
1526	9424
1520	9426
1521	9428
1526	9432
1527	9434
1509	9437
1463	9439
1432	9441
1426	9444
1441	9446
1458	9449
1483	9451
1489	9453
1494	9456
1507	9458
1531	9461
1550	9463
1531	9465
1494	9468
1471	9470
1486	9474
1480	9476
1440	9478
1447	9481
1496	9483
1530	9485
1558	9488
1566	9490
1564	9493
1560	9495
1563	9497
1566	9500
1551	9502
1527	9505
1507	9507
1513	9509
1526	9512
1533	9515
1512	9518
1467	9520
1462	9522
1482	9525
1505	9527
1517	9530
1477	9532
1416	9534
1423	9537
1474	9539
1496	9542
1502	9544
1516	9546
1529	9549
1538	9551
1543	9554
1553	9556
1560	9559
1563	9562
1552	9564
1538	9567
1532	9569
1528	9571
1512	9574
1510	9576
1512	9579
1516	9581
1520	9583
1520	9586
1520	9588
1527	9590
1531	9593
1512	9595
1486	9598
1489	9601
1502	9603
1502	9606
1501	9608
1509	9611
1528	9613
1531	9615
1520	9618
1473	9620
1428	9623
1418	9625
1465	9627
1513	9630
1533	9632
1538	9635
1513	9637
1491	9639
1499	9643
1521	9645
1542	9648
1548	9650
1544	9652
1524	9655
1500	9657
1491	9660
1500	9662
1518	9664
1528	9667
1531	9669
1534	9671
1488	9674
1435	9676
1417	9679
1436	9681
1460	9683
1471	9687
1482	9689
1514	9692
1541	9694
1555	9696
1565	9699
1534	9701
1475	9704
1451	9706
1465	9708
1507	9711
1539	9713
1554	9716
1563	9718
1560	9720
1556	9723
1551	9725
1553	9729
1554	9731
1547	9733
1536	9736
1536	9738
1541	9741
1538	9743
1514	9745
1498	9748
1492	9750
1481	9752
1477	9755
1461	9757
1424	9760
1391	9762
1416	9764
1475	9767
1513	9769
1543	9773
1555	9775
1558	9777
1531	9780
1475	9782
1462	9785
1483	9787
1509	9789
1494	9792
1490	9794
1497	9797
1512	9799
1521	9801
1514	9804
1509	9806
1517	9809
1532	9811
1531	9814
1506	9817
1481	9819
1475	9822
1478	9824
1494	9826
1507	9829
1503	9831
1496	9833
1501	9836
1521	9838
1511	9841
1503	9843
1508	9845
1522	9848
1528	9850
1535	9853
1540	9856
1516	9858
1495	9861
1471	9863
1484	9866
1507	9868
1506	9870
1472	9873
1461	9875
1484	9878
1508	9880
1529	9882
1527	9885
1519	9887
1521	9890
1516	9892
1506	9894
1500	9897
1472	9900
1459	9903
1475	9905
1497	9907
1520	9910
1527	9912
1529	9915
1516	9917
1497	9919
1498	9922
1502	9924
1500	9926
1486	9929
1477	9931
1486	9934
1510	9936
1516	9938
1502	9942
1490	9944
1481	9947
1494	9949
1503	9951
1506	9954
1511	9956
1513	9959
1511	9961
1511	9963
1516	9966
1518	9968
1513	9971
1492	9973
1485	9975
1474	9978
1476	9980
1493	9984
1478	9986
1461	9988
1463	9991
1487	9993
1512	9996
1519	9998
1522	10000
1525	10003
1516	10005
1499	10008
1459	10010
1402	10013
1412	10015
1470	10017
1517	10020
1531	10022
1535	10025
1537	10028
1544	10031
1551	10033
1557	10036
1563	10038
1561	10040
1555	10043
1549	10045
1546	10048
1527	10050
1488	10053
1450	10055
1433	10058
1411	10060
1411	10062
1448	10065
1505	10067
1537	10071
1556	10073
1563	10076
1564	10078
1556	10081
1525	10083
1502	10085
1503	10088
1501	10090
1492	10093
1450	10095
1420	10098
1444	10100
1475	10103
1504	10105
1528	10107
1548	10110
1555	10113
1549	10116
1540	10118
1541	10121
1546	10123
1550	10126
1533	10128
1493	10130
1454	10133
1459	10135
1478	10138
1492	10140
1504	10143
1521	10145
1520	10148
1519	10150
1516	10153
1515	10156
1523	10158
1517	10161
1511	10163
1519	10166
1518	10168
1499	10171
1481	10173
1481	10176
1505	10178
1535	10180
1548	10183
1554	10185
1557	10188
1556	10190
1555	10193
1553	10195
1545	10199
1538	10201
1512	10203
1473	10206
1451	10208
1447	10211
1441	10213
1434	10216
1454	10218
1501	10221
1528	10223
1545	10225
1549	10228
1551	10230
1547	10233
1532	10235
1508	10238
1496	10241
1485	10244
1493	10246
1502	10248
1517	10251
1531	10253
1538	10256
1539	10258
1540	10261
1543	10263
1547	10266
1536	10268
1511	10270
1478	10273
1455	10275
1449	10278
1469	10280
1480	10284
1500	10286
1519	10289
1531	10291
1512	10293
1494	10296
1491	10298
1485	10301
1476	10303
1468	10306
1474	10308
1497	10311
1508	10313
1503	10315
1495	10318
1509	10320
1530	10323
1541	10326
1536	10329
1530	10331
1534	10334
1541	10336
1544	10338
1544	10341
1541	10343
1532	10346
1525	10348
1511	10351
1486	10353
1471	10356
1473	10358
1455	10360
1451	10363
1468	10365
1470	10369
1466	10371
1461	10374
1482	10376
1510	10379
1522	10381
1513	10383
1468	10386
1451	10388
1475	10391
1500	10393
1519	10396
1534	10398
1544	10401
1550	10403
1547	10405
1532	10408
1524	10411
1531	10414
1540	10416
1542	10419
1536	10421
1515	10424
1497	10426
1495	10428
1510	10431
1519	10433
1504	10436
1460	10438
1436	10441
1419	10443
1428	10446
1461	10448
1494	10450
1518	10454
1527	10456
1524	10459
1522	10461
1532	10464
1517	10466
1501	10469
1494	10471
1490	10473
1501	10476
1514	10478
1524	10481
1530	10483
1533	10486
1529	10488
1528	10490
1533	10493
1533	10496
1525	10499
1506	10501
1490	10504
1491	10506
1504	10509
1486	10511
1435	10513
1429	10516
1467	10518
1464	10521
1444	10523
1434	10526
1461	10528
1496	10531
1519	10533
1526	10535
1526	10539
1513	10541
1503	10544
1492	10546
1476	10549
1471	10551
1493	10554
1520	10556
1539	10558
1542	10561
1533	10563
1525	10566
1531	10568
1541	10571
1545	10573
1536	10576
1525	10578
1506	10580
1485	10584
1471	10586
1479	10589
1494	10591
1502	10594
1484	10596
1448	10599
1442	10601
1456	10603
1482	10606
1504	10608
1482	10611
1460	10613
1461	10616
1455	10618
1440	10621
1441	10624
1473	10626
1496	10629
1503	10631
1504	10634
1508	10636
1498	10639
1496	10641
1506	10644
1506	10646
1508	10648
1527	10651
1540	10653
1524	10656
1507	10658
1508	10661
1534	10663
1553	10667
1559	10669
1558	10671
1511	10674
1451	10676
1453	10679
1501	10681
1514	10684
1485	10686
1474	10689
1498	10691
1511	10693
1488	10696
1459	10698
1473	10701
1509	10703
1541	10706
1551	10708
1548	10712
1545	10714
1531	10716
1482	10719
1460	10721
1457	10724
1450	10726
1464	10729
1511	10731
1541	10734
1543	10736
1541	10738
1551	10741
1565	10743
1567	10746
1564	10748
1528	10752
1487	10754
1479	10757
1460	10759
1447	10761
1455	10764
1496	10766
1521	10769
1513	10771
1500	10774
1505	10776
1531	10779
1541	10781
1545	10783
1555	10786
1561	10788
1562	10791
1559	10793
1536	10797
1502	10799
1482	10802
1484	10804
1502	10807
1522	10809
1540	10811
1526	10814
1468	10816
1448	10819
1485	10821
1529	10824
1552	10826
1560	10828
1569	10831
1567	10833
1538	10836
1497	10839
1485	10842
1482	10844
1482	10847
1476	10849
1485	10851
1499	10854
1516	10856
1532	10859
1527	10861
1516	10864
1510	10866
1515	10869
1529	10871
1529	10873
1502	10876
1493	10878
1502	10882
1513	10884
1524	10887
1536	10889
1514	10892
1493	10894
1502	10896
1519	10899
1512	10901
1493	10904
1495	10906
1516	10909
1523	10911
1503	10914
1511	10916
1535	10918
1560	10921
1545	10924
1472	10927
1422	10929
1445	10932
1474	10934
1500	10937
1513	10939
1532	10941
1541	10944
1549	10946
1549	10949
1546	10951
1543	10954
1528	10956
1524	10959
1528	10961
1524	10963
1504	10967
1486	10969
1479	10972
1490	10974
1517	10977
1544	10979
1543	10982
1524	10984
1508	10986
1495	10989
1499	10991
1514	10994
1513	10996
1503	10999
1476	11001
1467	11004
1476	11006
1470	11009
1470	11012
1485	11014
1519	11017
1538	11019
1514	11022
1490	11024
1495	11027
1529	11029
1556	11031
1567	11034
1546	11036
1520	11039
1503	11041
1520	11044
1544	11046
1557	11049
1560	11052
1553	11054
1537	11057
1509	11059
1436	11062
1414	11064
1444	11067
1478	11069
1501	11072
1516	11074
1524	11077
1534	11079
1543	11081
1548	11084
1555	11086
1552	11089
1529	11091
1495	11095
1496	11097
1514	11100
1523	11102
1510	11104
1472	11107
1467	11109
1501	11112
1529	11114
1529	11117
1522	11119
1495	11122
1476	11124
1489	11126
1521	11129
1541	11131
1544	11134
1540	11137
1542	11140
1533	11142
1515	11145
1499	11147
1499	11149
1511	11152
1498	11154
1464	11157
1458	11159
1489	11162
1527	11164
1542	11167
1533	11169
1507	11171
1487	11174
1499	11176
1507	11180
1511	11182
1517	11185
1530	11187
1544	11190
1550	11192
1549	11194
1550	11197
1550	11199
1547	11202
1539	11204
1529	11207
1524	11209
1521	11212
1516	11214
1508	11216
1500	11219
1493	11222
1471	11225
1458	11227
1480	11230
1503	11232
1509	11235
1504	11237
1502	11239
1493	11242
1479	11244
1467	11247
1457	11249
1465	11252
1485	11254
1505	11257
1524	11259
1538	11261
1544	11265
1547	11267
1531	11270
1522	11272
1516	11275
1515	11277
1513	11280
1517	11282
1507	11284
1485	11287
1481	11289
1488	11292
1502	11294
1509	11297
1512	11299
1518	11302
1515	11304
1486	11307
1451	11310
1439	11312
1458	11315
1472	11317
1495	11320
1517	11322
1522	11325
1484	11327
1461	11329
1467	11332
1479	11334
1473	11337
1471	11339
1462	11342
1467	11344
1491	11347
1515	11350
1534	11352
1539	11355
1531	11357
1519	11360
1518	11362
1525	11365
1519	11367
1513	11370
1509	11372
1508	11374
1506	11377
1493	11379
1484	11382
1469	11384
1477	11387
1465	11389
1418	11393
1423	11395
1455	11397
1493	11400
1509	11402
1517	11405
1521	11407
1519	11410
1515	11412
1516	11415
1511	11417
1498	11420
1477	11422
1455	11424
1453	11427
1480	11429
1505	11432
1515	11435
1516	11438
1521	11440
1526	11443
1527	11445
1493	11447
1471	11450
1476	11452
1497	11455
1515	11457
1513	11460
1494	11462
1477	11465
1490	11467
1509	11469
1508	11472
1496	11474
1497	11478
1513	11480
1523	11483
1517	11485
1522	11488
1524	11490
1514	11492
1503	11495
1501	11497
1489	11500
1474	11502
1472	11505
1495	11507
1517	11510
1528	11512
1533	11514
1534	11517
1535	11520
1535	11523
1532	11525
1509	11528
1489	11530
1482	11533
1485	11535
1492	11537
1502	11540
1502	11542
1485	11545
1470	11547
1464	11550
1475	11552
1498	11555
1506	11557
1500	11559
1504	11563
1518	11565
1528	11568
1532	11570
1534	11573
1529	11575
1523	11578
1518	11580
1506	11582
1494	11585
1497	11587
1505	11590
1502	11592
1486	11595
1482	11597
1491	11600
1479	11602
1461	11604
1463	11608
1456	11610
1453	11613
1469	11615
1490	11618
1504	11620
1516	11623
1530	11625
1534	11628
1522	11630
1502	11632
1495	11635
1496	11637
1508	11640
1518	11642
1504	11645
1478	11648
1478	11650
1498	11653
1517	11655
1515	11658
1500	11660
1503	11663
1518	11665
1510	11668
1504	11670
1507	11673
1510	11675
1513	11677
1519	11680
1518	11682
1511	11685
1510	11687
1512	11691
1511	11693
1509	11696
1516	11698
1514	11700
1490	11703
1454	11705
1458	11708
1480	11710
1499	11713
1507	11715
1503	11718
1506	11720
1511	11722
1494	11725
1478	11727
1488	11730
1511	11732
1533	11736
1544	11738
1546	11741
1544	11743
1536	11745
1514	11748
1501	11750
1507	11753
1517	11755
1521	11758
1527	11760
1533	11763
1535	11765
1534	11767
1521	11770
1508	11772
1509	11776
1511	11778
1500	11781
1498	11783
1499	11786
1479	11788
1480	11790
1501	11793
1514	11795
1521	11798
1516	11800
1513	11803
1517	11805
1523	11808
1510	11810
1488	11812
1491	11815
1512	11817
1524	11821
1526	11823
1523	11826
1526	11828
1529	11831
1531	11833
1531	11835
1518	11838
1499	11840
1499	11843
1517	11845
1518	11848
1516	11850
1524	11853
1530	11855
1533	11857
1529	11860
1524	11863
1519	11866
1509	11868
1504	11871
1499	11873
1487	11876
1482	11878
1493	11881
1507	11883
1513	11885
1509	11888
1513	11890
1517	11893
1502	11895
1472	11898
1472	11900
1480	11904
1489	11906
1493	11908
1498	11911
1509	11913
1517	11916
1525	11918
1529	11921
1536	11923
1538	11926
1539	11928
1539	11930
1534	11933
1529	11935
1515	11938
1508	11940
1500	11943
1482	11945
1479	11949
1495	11951
1505	11953
1502	11956
1502	11958
1511	11961
1504	11963
1480	11966
1477	11968
1492	11971
1506	11973
1505	11975
1488	11978
1485	11980
1485	11983
1489	11985
1497	11988
1504	11991
1512	11994
1511	11996
1513	11998
1521	12001
1529	12003
1528	12006
1523	12008
1523	12011
1528	12013
1533	12016
1537	12018
1537	12020
1532	12023
1528	12025
1529	12028
1529	12030
1529	12034
1529	12036
1527	12039
1522	12041
1515	12043
1507	12046
1503	12048
1496	12051
1496	12053
1500	12056
1502	12058
1503	12061
1514	12063
1509	12065
1475	12068
1450	12070
1436	12073
1445	12076
1474	12079
1503	12081
1518	12084
1519	12086
1515	12088
1513	12091
1517	12093
1514	12096
1508	12098
1507	12101
1513	12103
1514	12106
1513	12108
1509	12111
1506	12113
1504	12115
1507	12119
1515	12121
1513	12124
1509	12126
1502	12129
1496	12131
1492	12134
1493	12136
1493	12138
1495	12141
1492	12143
1486	12146
1483	12148
1482	12151
1486	12153
1488	12156
1483	12158
1484	12161
1498	12164
1511	12166
1517	12169
1515	12171
1513	12174
1516	12176
1522	12179
1522	12181
1524	12183
1519	12186
1512	12188
1514	12191
1517	12193
1516	12196
1512	12198
1510	12201
1506	12204
1496	12206
1484	12209
1467	12211
1468	12214
1478	12216
1491	12219
1500	12221
1510	12224
1514	12226
1515	12228
1518	12231
1522	12233
1526	12236
1522	12238
1507	12241
1507	12243
1512	12247
1523	12249
1526	12251
1523	12254
1511	12256
1504	12259
1505	12261
1513	12264
1512	12266
1491	12269
1468	12271
1463	12273
1480	12276
1509	12278
1528	12281
1535	12283
1538	12286
1542	12289
1529	12292
1509	12294
1498	12296
1506	12299
1519	12301
1529	12304
1525	12306
1516	12309
1514	12311
1510	12314
1500	12316
1507	12318
1522	12321
1531	12323
1531	12326
1522	12328
1519	12332
1518	12334
1520	12337
1528	12339
1532	12341
1527	12344
1523	12346
1525	12349
1529	12351
1527	12354
1525	12356
1525	12359
1526	12361
1523	12363
1519	12366
1519	12368
1524	12371
1526	12374
1517	12377
1511	12379
1514	12382
1519	12384
1490	12386
1467	12389
1463	12391
1471	12394
1493	12396
1517	12399
1530	12401
1533	12404
1532	12406
1533	12408
1542	12411
1547	12413
1546	12417
1541	12419
1541	12422
1544	12424
1541	12427
1538	12429
1538	12432
1537	12434
1539	12436
1537	12439
1516	12441
1481	12444
1465	12446
1471	12449
1481	12451
1483	12454
1502	12456
1520	12459
1522	12462
1513	12464
1515	12467
1518	12469
1520	12472
1522	12474
1531	12477
1524	12479
1517	12481
1520	12484
1524	12486
1518	12489
1506	12491
1514	12494
1523	12496
1528	12499
1535	12502
1546	12504
1555	12507
1560	12509
1562	12512
1562	12514
1561	12517
1558	12519
1534	12522
1509	12524
1506	12526
1518	12529
1526	12531
1530	12534
1529	12536
1528	12539
1526	12541
1526	12545
1531	12547
1534	12549
1520	12552
1515	12554
1528	12557
1541	12559
1534	12562
1523	12564
1525	12567
1531	12569
1536	12571
1540	12574
1542	12576
1541	12579
1536	12581
1532	12584
1532	12587
1533	12590
1515	12592
1498	12594
1490	12597
1494	12599
1503	12602
1510	12604
1520	12607
1534	12609
1538	12612
1533	12614
1529	12616
1528	12619
1512	12621
1481	12624
1465	12626
1477	12630
1500	12632
1515	12635
1525	12637
1532	12640
1539	12642
1544	12644
1543	12647
1533	12649
1508	12652
1498	12654
1511	12657
1525	12659
1538	12662
1542	12664
1543	12666
1542	12669
1535	12672
1521	12675
1508	12677
1510	12680
1517	12682
1511	12685
1508	12687
1514	12689
1522	12692
1528	12694
1522	12697
1515	12699
1511	12702
1515	12704
1522	12707
1528	12709
1533	12711
1536	12715
1528	12717
1505	12720
1494	12722
1504	12725
1514	12727
1526	12730
1529	12732
1525	12734
1502	12737
1486	12739
1486	12742
1502	12744
1510	12747
1515	12749
1519	12752
1521	12754
1519	12756
1515	12760
1510	12762
1512	12765
1519	12767
1530	12770
1535	12772
1535	12775
1531	12777
1528	12779
1512	12782
1480	12784
1430	12787
1408	12789
1411	12792
1432	12794
1468	12797
1503	12800
1533	12802
1547	12805
1553	12807
1558	12810
1560	12812
1559	12815
1556	12817
1553	12820
1554	12822
1547	12824
1540	12827
1535	12829
1534	12832
1535	12834
1535	12837
1538	12839
1540	12843
1529	12845
1509	12847
1483	12850
1474	12852
1484	12855
1471	12857
1463	12860
1482	12862
1511	12865
1533	12867
1543	12869
1547	12872
1551	12874
1551	12877
1549	12879
1539	12882
1529	12884
1514	12888
1510	12890
1509	12892
1510	12895
1510	12897
1510	12900
1514	12902
1526	12905
1536	12907
1534	12910
1531	12912
1534	12914
1538	12917
1534	12919
1525	12922
1521	12924
1519	12928
1508	12930
1486	12933
1480	12935
1491	12937
1498	12940
1503	12942
1505	12945
1505	12947
1505	12950
1501	12952
1501	12955
1509	12957
1522	12959
1529	12962
1526	12964
1524	12967
1530	12969
1527	12973
1516	12975
1508	12978
1507	12980
1512	12982
1515	12985
1504	12987
1498	12990
1507	12992
1513	12995
1518	12997
1519	13000
1520	13002
1519	13004
1511	13007
1499	13009
1494	13012
1488	13015
1485	13018
1480	13020
1470	13023
1460	13025
1453	13027
1453	13030
1474	13032
1472	13035
1471	13037
1489	13040
1508	13042
1526	13045
1527	13047
1528	13049
1533	13052
1517	13054
1505	13058
1485	13060
1474	13063
1483	13065
1500	13068
1515	13070
1527	13072
1533	13075
1536	13077
1535	13080
1530	13082
1524	13085
1525	13087
1520	13090
1503	13092
1489	13094
1479	13097
1486	13100
1503	13103
1501	13105
1466	13108
1434	13110
1420	13113
1439	13115
1458	13117
1477	13120
1496	13122
1516	13125
1532	13127
1546	13130
1553	13132
1556	13135
1554	13137
1552	13139
1535	13143
1510	13145
1499	13148
1505	13150
1521	13153
1530	13155
1532	13158
1539	13160
1543	13162
1540	13165
1529	13167
1511	13170
1498	13172
1496	13175
1492	13177
1482	13180
1474	13182
1484	13186
1501	13188
1505	13190
1493	13193
1475	13195
1476	13198
1490	13200
1490	13203
1482	13205
1476	13207
1479	13210
1497	13212
1511	13215
1525	13217
1533	13220
1537	13222
1538	13225
1529	13228
1511	13230
1502	13233
1503	13235
1511	13238
1520	13240
1527	13243
1527	13245
1514	13248
1506	13250
1510	13252
1517	13255
1526	13257
1528	13260
1519	13262
1508	13265
1503	13267
1491	13271
1469	13273
1456	13275
1457	13278
1459	13280
1470	13283
1477	13285
1490	13288
1509	13290
1521	13293
1523	13295
1509	13297
1482	13300
1466	13302
1471	13305
1485	13307
1504	13310
1516	13313
1514	13316
1507	13318
1505	13320
1509	13323
1513	13325
1519	13328
1516	13330
1513	13333
1506	13335
1500	13338
1489	13340
1481	13342
1481	13345
1483	13347
1487	13350
1484	13352
1480	13356
1476	13358
1474	13361
1480	13363
1490	13365
1501	13368
1506	13370
1506	13373
1510	13375
1512	13378
1509	13380
1502	13383
1499	13385
1502	13387
1502	13390
1491	13392
1478	13395
1474	13398
1475	13401
1482	13403
1498	13406
1511	13408
1519	13410
1519	13413
1515	13415
1510	13418
1503	13420
1490	13423
1483	13425
1476	13428
1475	13430
1481	13433
1484	13435
1487	13437
1493	13441
1503	13443
1512	13446
1510	13448
1499	13451
1491	13453
1477	13455
1452	13458
1437	13460
1454	13463
1473	13465
1480	13468
1482	13470
1492	13473
1506	13475
1518	13477
1527	13480
1529	13483
1524	13486
1518	13488
1515	13491
1507	13493
1490	13496
1479	13498
1480	13500
1489	13503
1496	13505
1499	13508
1497	13510
1490	13513
1487	13515
1489	13518
1484	13520
1461	13523
1440	13526
1447	13528
1466	13531
1490	13533
1503	13536
1505	13538
1502	13541
1500	13543
1499	13545
1496	13548
1499	13550
1504	13553
1508	13555
1510	13558
1512	13560
1509	13563
1505	13565
1489	13569
1478	13571
1458	13573
1441	13576
1440	13578
1457	13581
1475	13583
1486	13586
1488	13588
1486	13591
1473	13593
1468	13595
1474	13598
1488	13600
1499	13603
1494	13605
1479	13608
1462	13611
1449	13614
1456	13616
1470	13618
1477	13621
1480	13623
1479	13626
1475	13628
1482	13631
1496	13633
1503	13636
1511	13638
1513	13640
1511	13643
1508	13645
1506	13648
1500	13650
1489	13654
1486	13656
1481	13659
1471	13661
1466	13663
1466	13666
1477	13668
1484	13671
1487	13673
1492	13676
1490	13678
1485	13681
1481	13683
1484	13685
1482	13688
1466	13690
1452	13693
1455	13696
1472	13699
1489	13701
1500	13703
1508	13706
1509	13708
1503	13711
1498	13713
1498	13716
1499	13718
1497	13721
1490	13723
1488	13725
1489	13728
1494	13730
1495	13733
1488	13735
1485	13739
1490	13741
1494	13744
1490	13746
1486	13748
1490	13751
1497	13753
1500	13756
1493	13758
1476	13761
1459	13763
1460	13766
1469	13768
1478	13770
1490	13773
1502	13775
1505	13778
1506	13780
1510	13784
1514	13786
1519	13789
1521	13791
1522	13793
1520	13796
1519	13798
1517	13801
1516	13803
1513	13806
1510	13808
1504	13811
1499	13813
1496	13815
1497	13818
1502	13820
1506	13824
1492	13826
1474	13829
1473	13831
1479	13834
1492	13836
1498	13838
1498	13841
1492	13843
1492	13846
1499	13848
1506	13851
1511	13853
1514	13856
1512	13858
1508	13860
1504	13863
1504	13865
1508	13869
1511	13871
1512	13874
1511	13876
1510	13879
1508	13881
1506	13884
1506	13886
1505	13888
1504	13891
1503	13893
1500	13896
1496	13898
1494	13901
1496	13903
1497	13906
1490	13908
1485	13911
1488	13914
1494	13916
1501	13919
1505	13921
1508	13924
1505	13926
1499	13929
1497	13931
1496	13933
1499	13936
1503	13938
1505	13941
1509	13943
1512	13946
1514	13948
1514	13952
1514	13954
1514	13956
1513	13959
1514	13961
1516	13964
1517	13966
1518	13969
1518	13971
1510	13974
1502	13976
1503	13978
1507	13981
1515	13983
1520	13986
1521	13988
1519	13991
1518	13993
1519	13997
1520	13999
1518	14002
1515	14004
1514	14006
1515	14009
1515	14011
1512	14014
1511	14016
1513	14019
1517	14021
1522	14024
1524	14026
1524	14028
1522	14031
1518	14033
1515	14036
1515	14039
1514	14042
1512	14044
1511	14047
1514	14049
1517	14051
1516	14054
1517	14056
1516	14059
1515	14061
1513	14064
1512	14066
1510	14069
1509	14071
1508	14073
1506	14076
1503	14078
1502	14082
1503	14084
1505	14087
1505	14089
1505	14092
1503	14094
1501	14096
1499	14099
1497	14101
1496	14104
1497	14106
1495	14109
1486	14111
1480	14114
1479	14116
1477	14118
1476	14121
1478	14124
1481	14127
1485	14129
1486	14132
1488	14134
1490	14137
1492	14139
1495	14141
1498	14144
1500	14146
1499	14149
1499	14151
1499	14154
1502	14156
1505	14159
1507	14161
1509	14163
1511	14167
1513	14169
1515	14172
1518	14174
1520	14177
1521	14179
1520	14182
1520	14184
1520	14186
1524	14189
1527	14191
1529	14194
1531	14196
1533	14199
1535	14201
1534	14204
1534	14206
1532	14209
1532	14212
1532	14214
1534	14217
1533	14219
1532	14222
1534	14224
1536	14227
1536	14229
1535	14231
1536	14234
1538	14236
1541	14239
1542	14241
1542	14244
1542	14246
1542	14249
1542	14252
1542	14254
1543	14257
1543	14259
1543	14262
1543	14264
1543	14267
1542	14269
1540	14272
1538	14274
1536	14276
1534	14279
1533	14281
1531	14284
1530	14286
1528	14289
1526	14291
1523	14295
1521	14297
1519	14299
1515	14302
1510	14304
1505	14307
1498	14309
1494	14312
1490	14314
1486	14317
1481	14319
1476	14321
1475	14324
1475	14326
1474	14329
1473	14331
1472	14334
1471	14337
1471	14340
1470	14342
1470	14344
1471	14347
1470	14349
1469	14352
1469	14354
1472	14357
1475	14359
1478	14362
1481	14364
1484	14366
1487	14369
1492	14371
1497	14374
1504	14376
1509	14380
1515	14382
1521	14385
1526	14387
1531	14390
1534	14392
1537	14394
1540	14397
1541	14399
1542	14402
1543	14404
1543	14407
1542	14409
1541	14412
1539	14414
1537	14416
1536	14419
1533	14422
1531	14425
1528	14427
1525	14430
1523	14432
1519	14435
1516	14437
1513	14439
1511	14442
1509	14444
1505	14447
1501	14449
1498	14452
1494	14454
1491	14457
1488	14459
1484	14461
1481	14465
1477	14467
1474	14470
1472	14472
1469	14475
1466	14477
1464	14480
1461	14482
1459	14484
1456	14487
1454	14489
1452	14492
1450	14494
1448	14497
1446	14499
1444	14502
1441	14504
1439	14507
1438	14510
1437	14512
1436	14515
1435	14517
1434	14520
1433	14522
1432	14525
1431	14527
1430	14529
1429	14532
1429	14534
1429	14537
1429	14539
1429	14542
1428	14544
1428	14547
1428	14550
1428	14552
1427	14555
1427	14557
1427	14560
1428	14562
1428	14565
1428	14567
1429	14570
1430	14572
1431	14574
1432	14577
1432	14579
1433	14582
1434	14584
1434	14587
1434	14589
1435	14593
1435	14595
1435	14597
1435	14600
1435	14602
1435	14605
1435	14607
1436	14610
1437	14612
1439	14615
1439	14617
1440	14619
1441	14622
1442	14624
1443	14627
1443	14629
1444	14632
1445	14635
1445	14638
1446	14640
1447	14642
1448	14645
1449	14647
1450	14650
1451	14652
1452	14655
1453	14657
1454	14660
1455	14662
1455	14664
1456	14667
1457	14669
1458	14672
1459	14674
1460	14678
1460	14680
1461	14683
1461	14685
1462	14687
1463	14690
1463	14692
1464	14695
1464	14697
1465	14700
1466	14702
1467	14705
1468	14707
1469	14709
1470	14712
1471	14714
1471	14717
1472	14720
1472	14723
1473	14725
1474	14728
1474	14730
1475	14732
1475	14735
1475	14737
1476	14740
1476	14742
1477	14745
1477	14747
1478	14750
1478	14752
1479	14754
1480	14757
1480	14759
1480	14763
1481	14765
1482	14768
1482	14770
1483	14773
1484	14775
1485	14777
1486	14780
1487	14782
1487	14785
1488	14787
1488	14790
1489	14792
1489	14795
1490	14797
1490	14799
1490	14802
1491	14804
1491	14808
1492	14810
1492	14813
1493	14815
1493	14818
1494	14820
1495	14822
1496	14825
1496	14827
1497	14830
1497	14832
1497	14835
1498	14837
1498	14840
1499	14842
1498	14844
1498	14848
1498	14850
1497	14853
1497	14855
1497	14858
1497	14860
1496	14863
1496	14865
1495	14867
1495	14870
1494	14872
1494	14875
1494	14877
1493	14880
1493	14882
1493	14885
1493	14887
1493	14889
1493	14893
1494	14895
1494	14898
1494	14900
1495	14903
1495	14905
1496	14908
1496	14910
1497	14912
1498	14915
1498	14917
1499	14920
1499	14922
1501	14925
1501	14927
1502	14930
1502	14932
1503	14936
1504	14938
1505	14940
1506	14943
1507	14945
1507	14948
1508	14950
1508	14953
1509	14955
1510	14958
1510	14960
1511	14962
1511	14965
1511	14967
1511	14970
1511	14972
1511	14976
1511	14978
1511	14981
1511	14983
1511	14985
1510	14988
1510	14990
1510	14993
1510	14995
1510	14998
1509	15000
1509	15003
1509	15005
1509	15007
1509	15010
1509	15012
1509	15015
1508	15017
1508	15021
1508	15023
1508	15026
1508	15028
1508	15030
1508	15033
1508	15035
1508	15038
1508	15040
1508	15043
1509	15045
1509	15048
1509	15050
1509	15052
1510	15055
1510	15057
1510	15060
1510	15063
1510	15066
1510	15068
1510	15071
1510	15073
1510	15075
1510	15078
1510	15080
1510	15083
1510	15085
1509	15088
1510	15090
1509	15093
1509	15095
1509	15098
1509	15100
1509	15102
1509	15106
1509	15108
1509	15111
1509	15113
1509	15116
1509	15118
1509	15121
1509	15123
1510	15125
1511	15128
1511	15130
1512	15133
1512	15135
1513	15138
1513	15140
1514	15143
1515	15145
1515	15148
1515	15151
1516	15153
1516	15156
1517	15158
1517	15161
1517	15163
1517	15166
1517	15168
1518	15170
1518	15173
1518	15175
1518	15178
1518	15180
1518	15183
1518	15185
1518	15188
1518	15191
1517	15194
1517	15196
1517	15198
1517	15201
1517	15203
1517	15206
1517	15208
1517	15211
1516	15213
1516	15216
1516	15218
1516	15220
1516	15223
1516	15225
1516	15228
1516	15230
1515	15234
1515	15236
1515	15239
1515	15241
1515	15243
1515	15246
1515	15248
1515	15251
1515	15253
1515	15256
1515	15258
1515	15261
1514	15263
1514	15265
1514	15268
1514	15270
1514	15273
1513	15276
1513	15279
1513	15281
1513	15284
1512	15286
1512	15288
1512	15291
1512	15293
1511	15296
1511	15298
1511	15301
1511	15303
1510	15306
1510	15308
1510	15310
1510	15313
1510	15315
1509	15319
1509	15321
1510	15324
1510	15326
1509	15329
1509	15331
1509	15334
1509	15336
1509	15338
1509	15341
1509	15343
1509	15346
1508	15348
1509	15351
1508	15353
1508	15356
1508	15358
1508	15361
1508	15364
1508	15366
1507	15369
1507	15371
1508	15374
1508	15376
1508	15379
1508	15381
1508	15383
1508	15386
1508	15388
1508	15391
1508	15393
1507	15396
1507	15398
1506	15401
1506	15404
1506	15406
1506	15409
1506	15411
1505	15414
1505	15416
1505	15419
1505	15421
1505	15424
1505	15426
1504	15428
1504	15431
1504	15433
1504	15436
1503	15438
1503	15441
1503	15443
1503	15447
1503	15449
1503	15451
1503	15454
1503	15456
1503	15459
1503	15461
1502	15464
1503	15466
1502	15469
1502	15471
1503	15473
1503	15476
1502	15478
1502	15481
1502	15483
1502	15486
1502	15489
1502	15492
1501	15494
1501	15496
1501	15499
1501	15501
1501	15504
1501	15506
1501	15509
1501	15511
1501	15514
1501	15516
1501	15519
1501	15521
1502	15523
1502	15526
1502	15528
1502	15532
1502	15534
1502	15537
1502	15539
1502	15542
1502	15544
1502	15546
1502	15549
1503	15551
1503	15554
1503	15556
1503	15559
1503	15561
1503	15564
1503	15566
1504	15568
1504	15571
1504	15574
1504	15577
1504	15579
1504	15582
1504	15584
1504	15587
1504	15589
1504	15591
1504	15594
1503	15596
1503	15599
1503	15601
1503	15604
1503	15606
1503	15609
1503	15611
1502	15613
1502	15617
1502	15619
1502	15622
1502	15624
1502	15627
1502	15629
1501	15632
1501	15634
1501	15636
1502	15639
1502	15641
1502	15644
1501	15646
1501	15649
1501	15651
1501	15654
1501	15656
1501	15659
1501	15662
1501	15664
1501	15667
1501	15669
1501	15672
1501	15674
1501	15677
1501	15679
1501	15682
1501	15684
1502	15686
1502	15689
1502	15691
1502	15694
1502	15696
1501	15699
1501	15702
1501	15705
1501	15707
1500	15709
1500	15712
1500	15714
1499	15717
1499	15719
1499	15722
1499	15724
1499	15727
1498	15729
1498	15731
1497	15734
1497	15736
1497	15739
1497	15741
1497	15745
1497	15747
1497	15750
1496	15752
1496	15754
1496	15757
1496	15759
1496	15762
1496	15764
1496	15767
1496	15769
1496	15772
1496	15774
1496	15776
1496	15779
1496	15781
1496	15784
1496	15787
1496	15790
1496	15792
1496	15795
1496	15797
1496	15799
1496	15802
1496	15804
1496	15807
1496	15809
1496	15812
1496	15814
1496	15817
1496	15819
1496	15821
1496	15824
1496	15826
1496	15830
1496	15832
1496	15835
1496	15837
1496	15840
1497	15842
1497	15845
1497	15847
1496	15849
1497	15852
1497	15854
1497	15857
1497	15859
1497	15862
1496	15864
1496	15867
1496	15869
1496	15872
1496	15875
1496	15877
1496	15880
1496	15882
1496	15885
1496	15887
1496	15890
1496	15892
1496	15894
1496	15897
1496	15899
1496	15902
1495	15904
1495	15907
1495	15909
1495	15912
1495	15915
1495	15917
1495	15920
1495	15922
1495	15925
1495	15927
1495	15930
1495	15932
1495	15935
1495	15937
1496	15939
1497	15942
1497	15944
1497	15947
1498	15949
1498	15952
1498	15954
1499	15958
1499	15960
1499	15962
1499	15965
1499	15967
1499	15970
1499	15972
1500	15975
1499	15977
1499	15980
1499	15982
1499	15984
1499	15987
1499	15989
1499	15992
1499	15994
1498	15997
1498	16000
1498	16003
1498	16005
1497	16008
1497	16010
1497	16012
1497	16015
1497	16017
1497	16020
1497	16022
1498	16025
1498	16027
1498	16030
1498	16032
1498	16034
1498	16037
1498	16039
1499	16043
1499	16045
1499	16048
1499	16050
1499	16052
1499	16055
1500	16057
1500	16060
1500	16062
1500	16065
1500	16067
1501	16070
1501	16072
1501	16074
1502	16077
1502	16079
1502	16082
1502	16084
1503	16088
1503	16090
1503	16093
1503	16095
1504	16097
1503	16100
1504	16102
1504	16105
1504	16107
1504	16110
1504	16112
1504	16115
1504	16117
1504	16119
1504	16122
1505	16124
1505	16128
1505	16130
1504	16133
1505	16135
1505	16138
1505	16140
1505	16142
1505	16145
1505	16147
1505	16150
1505	16152
1505	16155
1506	16157
1506	16160
1506	16162
1506	16164
1506	16167
1507	16169
1507	16173
1508	16175
1508	16178
1508	16180
1508	16183
1508	16185
1509	16187
1509	16190
1509	16192
1509	16195
1509	16197
1510	16200
1510	16202
1510	16205
1510	16207
1510	16209
1510	16212
1510	16215
1510	16218
1510	16220
1511	16223
1511	16225
1511	16228
1511	16230
1511	16232
1511	16235
1511	16237
1511	16240
1512	16242
1512	16245
1511	16247
1511	16250
1511	16252
1511	16254
1511	16258
1511	16260
1511	16263
1511	16265
1511	16268
1511	16270
1511	16273
1511	16275
1511	16277
1511	16280
1511	16282
1511	16285
1511	16287
1512	16290
1513	16292
1514	16295
1514	16297
1516	16300
1517	16303
1519	16305
1520	16308
1522	16310
1524	16313
1526	16315
1528	16318
1530	16320
1533	16322
1536	16325
1539	16327
1542	16330
1545	16332
1548	16335
1552	16337
1556	16340
1559	16343
1563	16346
1565	16348
1569	16350
1572	16353
1576	16355
1579	16358
1581	16360
1584	16363
1586	16365
1589	16368
1591	16370
1593	16372
1595	16375
1597	16377
1599	16380
1601	16382
1602	16386
1603	16388
1605	16390
1606	16393
1606	16395
1607	16398
1607	16400
1608	16403
1608	16405
1608	16408
1608	16410
1608	16412
1607	16415
1607	16417
1606	16420
1605	16422
1605	16425
1604	16428
1603	16431
1602	16433
1601	16435
1601	16438
1599	16440
1598	16443
1597	16445
1596	16448
1594	16450
1593	16453
1592	16455
1591	16457
1590	16460
1588	16462
1587	16465
1586	16467
1585	16471
1583	16473
1582	16476
1581	16478
1580	16480
1579	16483
1577	16485
1576	16488
1575	16490
1574	16493
1572	16495
1571	16498
1569	16500
1568	16502
1566	16505
1565	16507
1563	16510
1561	16513
1560	16516
1558	16518
1556	16521
1555	16523
1553	16526
1551	16528
1549	16530
1547	16533
1545	16535
1543	16538
1542	16540
1540	16543
1538	16545
1537	16548
1535	16550
1533	16552
1532	16556
1531	16558
1529	16561
1527	16563
1526	16566
1524	16568
1523	16570
1522	16573
1521	16575
1519	16578
1518	16580
1516	16583
1515	16585
1514	16588
1513	16590
1512	16593
1511	16595
1510	16598
1509	16601
1508	16603
1507	16606
1506	16608
1506	16611
1505	16613
1504	16616
1503	16618
1502	16620
1502	16623
1502	16625
1501	16628
1500	16630
1500	16633
1499	16635
1499	16638
1498	16641
1498	16643
1498	16646
1497	16648
1497	16651
1496	16653
1496	16656
1496	16658
1495	16661
1495	16663
1494	16665
1493	16668
1493	16670
1492	16673
1492	16675
1492	16678
1491	16680
1490	16684
1490	16686
1490	16688
1489	16691
1489	16693
1489	16696
1488	16698
1488	16701
1487	16703
1487	16705
1487	16708
1486	16710
1486	16713
1486	16715
1485	16718
1485	16720
1485	16723
1484	16726
1484	16728
1484	16731
1483	16733
1483	16736
1483	16738
1483	16741
1483	16743
1482	16746
1482	16748
1482	16750
1482	16753
1482	16755
1482	16758
1482	16760
1481	16763
1480	16765
1480	16769
1480	16771
1480	16773
1480	16776
1480	16778
1479	16781
1479	16783
1479	16786
1479	16788
1480	16791
1480	16793
1480	16795
1480	16798
1479	16800
1479	16803
1479	16805
1479	16808
1479	16811
1479	16814
1479	16816
1479	16818
1479	16821
1479	16823
1478	16826
1478	16828
1478	16831
1477	16833
1477	16836
1477	16838
1477	16840
1476	16843
1476	16845
1476	16848
1476	16850
1476	16854
1476	16856
1476	16859
1476	16861
1476	16863
1476	16866
1476	16868
1476	16871
1477	16873
1477	16876
1477	16878
1477	16881
1477	16883
1477	16885
1478	16888
1478	16890
1478	16893
1479	16896
1479	16899
1479	16901
1479	16904
1479	16906
1479	16908
1480	16911
1480	16913
1480	16916
1480	16918
1481	16921
1481	16923
1482	16926
1482	16928
1483	16930
1483	16933
1484	16935
1484	16939
1485	16941
1486	16944
1486	16946
1486	16949
1487	16951
1487	16953
1487	16956
1488	16958
1488	16961
1488	16963
1488	16966
1489	16968
1489	16971
1489	16973
1489	16975
1490	16978
1490	16980
1490	16984
1490	16986
1491	16989
1491	16991
1492	16994
1492	16996
1492	16998
1492	17001
1492	17003
1493	17006
1493	17008
1493	17011
1493	17013
1492	17016
1492	17018
1492	17020
1493	17024
1493	17026
1493	17029
1493	17031
1493	17034
1493	17036
1493	17039
1493	17041
1494	17043
1494	17046
1494	17048
1494	17051
1494	17053
1494	17056
1494	17058
1494	17061
1494	17063
1494	17065
1494	17069
1494	17071
1494	17074
1494	17076
1494	17079
1494	17081
1494	17084
1494	17086
1494	17089
1494	17091
1495	17093
1495	17096
1495	17098
1495	17101
1495	17103
1496	17106
1496	17108
1496	17112
1496	17114
1496	17116
1496	17119
1496	17121
1497	17124
1497	17126
1497	17129
1497	17131
1497	17134
1496	17136
1496	17138
1497	17141
1497	17143
1497	17146
1497	17148
1496	17152
1496	17154
1496	17157
1496	17159
1496	17161
1496	17164
1496	17166
1496	17169
1496	17171
1496	17174
1496	17176
1496	17179
1496	17181
1496	17183
1496	17186
1497	17188
1497	17191
1497	17193
1498	17197
1498	17199
1498	17202
1498	17204
1499	17206
1499	17209
1500	17211
1500	17214
1500	17216
1500	17219
1500	17221
1500	17224
1501	17226
1501	17228
1501	17231
1501	17233
1501	17236
1501	17239
1502	17242
1502	17244
1502	17247
1502	17249
1502	17251
1502	17254
1503	17256
1503	17259
1503	17261
1503	17264
1503	17266
1503	17269
1504	17271
1504	17273
1504	17276
1505	17278
1505	17282
1505	17284
1505	17287
1505	17289
1505	17292
1506	17294
1506	17296
1506	17299
1506	17301
1506	17304
1506	17306
1506	17309
1507	17311
1507	17314
1507	17316
1507	17318
1508	17321
1508	17324
1508	17327
1509	17329
1509	17332
1509	17334
1510	17337
1510	17339
1511	17342
1511	17344
1512	17346
1511	17349
1511	17351
1511	17354
1511	17356
1511	17359
1511	17361
1511	17364
1511	17367
1511	17369
1511	17372
1511	17374
1511	17377
1511	17379
1511	17382
1511	17384
1511	17387
1511	17389
1512	17391
1512	17394
1512	17396
1511	17399
1511	17401
1511	17404
1511	17406
1511	17410
1511	17412
1511	17414
1511	17417
1510	17419
1510	17422
1511	17424
1511	17427
1511	17429
1511	17432
1510	17434
1510	17437
1510	17439
1510	17441
1510	17444
1510	17446
1510	17449
1510	17452
1509	17455
1510	17457
1509	17460
1509	17462
1509	17464
1509	17467
1509	17469
1509	17472
1509	17474
1509	17477
1509	17479
1509	17482
1509	17484
1509	17486
1509	17489
1509	17491
1508	17495
1508	17497
1508	17500
1508	17502
1508	17505
1508	17507
1509	17509
1509	17512
1509	17514
1509	17517
1509	17519
1510	17522
1510	17524
1510	17527
1510	17529
1510	17531
1511	17534
1511	17537
1511	17540
1512	17542
1512	17545
1512	17547
1512	17550
1512	17552
1512	17555
1512	17557
1512	17559
1512	17562
1512	17564
1512	17567
1512	17569
1512	17572
1512	17574
1512	17577
1512	17580
1512	17582
1512	17585
1513	17587
1513	17590
1513	17592
1512	17595
1512	17597
1512	17600
1512	17602
1512	17604
1511	17607
1511	17609
1511	17612
1510	17614
1510	17617
1510	17619
1510	17623
1509	17625
1509	17627
1509	17630
1509	17632
1508	17635
1508	17637
1509	17640
1509	17642
1508	17645
1508	17647
1508	17649
1508	17652
1509	17654
1509	17657
1509	17659
1508	17662
1508	17665
1508	17668
1508	17670
